0.364602
0.950556
0.688832
-0.882423
0.024966
1.403144
-0.990597
0.056873
-1.255465
-0.439950
-0.478238
-1.894370
-4.001702
-1.043680
-0.866537
-0.314517
0.890626
0.301335
-1.155102
-3.667478
-2.339394
1.721657
-1.283700
0.059710
-1.174788
0.004271
1.858802
-4.459700
-4.541534
2.284540
1.481691
-2.308155
3.083222
-1.129521
1.632967
-0.104853
2.148725
-0.458443
-1.740966
-1.279461
2.765191
-3.152867
-2.674710
2.616740
1.672932
0.495961
-2.881554
-1.849425
-2.616225
0.696326
0.433303
-3.044341
-1.162803
-2.695594
-0.899957
1.310141
0.075648
0.263992
-1.283979
-2.514004
-0.647161
3.145836
2.873146
-1.918459
1.609044
2.153194
-0.789556
3.038366
-0.407463
0.732433
-2.776319
-0.825598
3.250855
-0.465260
-4.113987
-4.891385
-3.361981
2.911948
-0.167193
0.423974
5.630391
-0.794605
0.474282
-1.447047
1.623457
4.245258
-4.517284
3.543975
5.391655
-2.239911
-2.217992
-3.880956
-0.383896
1.679688
-3.891946
-0.911728
1.055887
3.223520
2.625404
2.369515
-0.124098
0.403949
-4.752326
-3.948661
2.519689
-1.689409
-0.822176
0.973342
-0.425788
0.104033
-0.620119
-1.554043
2.139715
-2.079224
-0.432912
-3.291624
-2.122980
3.979100
-1.863003
-3.267399
3.265647
2.339582
-2.110223
-4.250467
-0.199650
-0.743832
0.763967
-0.416119
-1.283179
2.183089
-0.241936
1.378511
-1.060222
-2.616660
1.174366
-0.209602
-0.327527
-2.300158
-1.198548
-1.788337
1.282519
0.113256
-1.482734
-0.816381
-0.029454
1.134043
-2.076542
1.176756
0.609588
1.349826
0.771850
-1.386873
1.912823
-2.502427
-2.219370
0.337311
-5.623717
-3.065135
1.755659
1.849949
-0.223700
1.926237
-2.534723
2.428226
-1.964298
2.317520
-3.838179
2.725673
2.597457
1.386776
-2.543788
-3.220363
1.736939
1.706978
1.473190
0.823421
-0.652956
0.537572
-4.517771
-1.368530
1.503501
1.057667
-2.536795
-1.439237
3.051657
-1.586254
1.194649
-4.824650
-1.350252
6.817865
-0.093040
-3.607140
0.399494
-0.012226
-5.904694
-0.265401
-3.073938
-1.803636
-1.639060
2.764910
-1.905590
-2.946338
-1.343506
3.673516
0.523049
0.336126
0.873968
-0.958488
-0.554561
-0.182072
-2.648496
-1.495579
-1.896176
-2.475977
0.382975
-1.902956
1.526804
3.142465
4.173639
-1.593258
-2.555410
-0.132402
-2.272475
-4.016157
-0.060029
1.342703
-1.796559
-5.269805
-6.691122
0.779143
-1.544268
-0.127487
-2.411740
-0.615842
-1.040421
-3.626957
-0.500853
0.399864
-0.018412
1.466792
3.789230
-0.213214
1.287587
0.605371
-2.205539
2.415450
-0.831753
0.288084
0.292149
-0.697800
0.000000
0.175914
0.074371
1.304746
0.518334
-0.265470
-2.129800
-0.619076
-0.011072
1.017370
-2.068628
0.131304
-3.759193
1.623582
-0.132927
-2.138711
-2.303618
-0.863879
-1.430731
3.364053
-0.296125
1.285728
1.348935
0.733076
1.358310
-1.299898
-3.370264
-0.118758
1.636468
-2.261927
3.273492
3.156865
-0.905669
2.549795
4.267939
3.994561
2.397049
-5.577634
1.322842
-0.879939
-3.376123
1.811533
-0.374930
-4.036795
0.671384
-0.549789
-4.312987
1.690022
-2.313155
-2.146116
-6.561826
-1.185773
-1.133682
-2.890472
-1.122290
1.840982
-0.303943
4.274605
1.200066
-2.825892
3.973119
-3.723276
0.860362
-4.850137
-0.721880
-1.945050
4.463377
-3.180485
-0.240549
1.132053
0.264958
2.793286
0.497294
3.936143
-1.310430
1.923279
-3.328715
-3.394197
-0.417719
-1.927340
0.747564
0.153041
0.401705
-3.152671
-2.408043
-0.202050
-0.562071
3.822357
0.073220
-1.809205
-2.984817
0.891479
1.700163
-3.097903
-6.659102
4.132867
0.890493
-3.203752
3.308945
-1.373420
-2.576742
-0.282911
-1.268345
5.467242
1.708148
-1.406334
-1.928476
-0.579881
-0.625297
-0.833641
-1.497789
-3.216284
1.355519
4.757479
-2.004506
-0.449657
-7.329885
-0.499850
1.692230
-3.577613
-3.864185
4.031423
1.100634
0.695367
5.518684
-0.068409
-2.325635
1.391937
1.101873
2.643037
0.869046
0.396550
-3.102917
2.882504
0.362318
-0.703200
-0.223438
0.660266
-0.945106
-1.422373
-2.863504
0.863054
1.986952
-4.158649
0.369176
0.519986
-6.376862
1.301155
0.481009
1.785622
5.948005
5.679402
0.734404
-0.765336
0.822940
-0.744924
-0.068146
1.820081
-4.044822
-4.864493
0.019946
1.740513
2.463812
-1.018312
-0.875966
0.011266
3.399118
1.043983
-3.712873
-2.812032
-1.413986
0.679552
-2.018777
-4.025771
0.717982
1.530709
-0.446136
-1.613432
-4.676820
-3.125129
1.965577
1.389001
4.181294
-0.480245
-2.396589
0.907757
-1.406196
0.461632
0.873268
1.834610
-3.499366
-1.587302
0.208107
-0.623795
-0.230767
2.330355
2.187881
0.477829
1.079296
-2.552421
5.924445
-0.830522
-3.612337
-2.339020
0.634200
-0.059231
-3.044763
4.658025
2.156447
-1.080430
-0.280918
-2.575096
-0.261642
3.354400
5.696092
-0.568143
-1.286261
-1.130099
3.727405
-6.701972
-0.907743
-1.257161
0.397280
-0.335556
-3.249133
-2.211962
-2.089656
1.275207
-2.017958
0.651476
3.529274
-0.251480
-2.355361
-3.298252
-0.576469
0.085708
-5.220234
-0.022188
-3.672310
-3.239731
1.096721
-4.386432
-0.701971
0.742911
-4.418625
3.313640
-0.084656
-0.308624
2.681250
-0.844747
-1.507371
-0.869875
-2.160190
-1.431325
0.336831
0.924857
-4.835062
-2.729334
1.058030
2.831296
-0.912182
0.430009
1.440311
-1.561899
1.179237
0.024268
-1.415824
-0.143628
-1.617760
0.414400
0.546483
0.873340
3.770178
1.189803
-1.247698
-0.824750
-2.972652
1.477982
-1.354262
-0.223226
1.769065
0.226768
2.246034
-2.759088
5.101584
0.214458
0.094587
-0.899486
4.103345
2.963010
-0.766572
-2.123755
-1.382311
-3.020331
-3.792553
1.943707
1.937721
0.949654
-0.187945
1.804684
3.559712
-1.516826
0.437117
5.068590
3.293207
-6.359130
-1.115495
1.123994
3.503874
0.280943
-0.283973
2.626532
-3.950217
5.315103
2.107014
1.379027
-1.859632
-7.263696
0.605165
-2.579858
-3.213329
2.703378
-4.768373
-0.917085
-5.539120
-2.118587
1.486776
3.736160
-0.780361
-1.112098
-1.553450
-3.450811
1.485511
-2.800865
3.205136
-3.898787
-0.093678
-2.897076
-3.518998
-1.996153
-1.676766
0.186693
-1.240837
2.188128
-5.146504
-3.218677
-1.147234
-1.492474
-2.259571
-5.287002
-3.735830
2.467989
-3.044811
2.384579
-0.235420
-3.234841
1.932081
1.268181
-0.104018
-1.368062
1.731006
3.483394
-2.451514
-4.999869
0.905080
-2.170907
0.652165
-2.398650
0.882809
1.401928
-0.966209
0.053753
0.095530
0.147080
-1.042289
0.000000
1.390846
0.639347
-0.731350
-2.531892
-1.251726
2.027742
-0.003089
1.762093
-1.157528
-0.549778
1.969954
0.189706
-0.486746
-0.070033
-4.548298
3.503074
1.679657
1.207841
-2.099485
1.277587
0.165040
-4.400130
0.779216
-2.860781
0.626307
-4.207753
1.157824
-1.238020
-1.803421
2.651989
2.916483
2.144553
1.070408
-0.063685
3.757368
-1.245245
0.167820
1.176391
-1.468957
0.354262
-2.966981
-0.706487
-1.598503
-0.590362
-0.265573
-3.344744
1.202926
-1.977544
0.743363
1.903227
6.237255
-2.065861
0.981591
4.430151
-2.994853
-3.798715
-1.321359
-0.653918
-4.508246
-2.464857
-2.651585
-1.826704
1.228438
2.832732
4.275119
1.504948
0.223474
3.599918
4.641456
-2.426483
-1.645387
-2.147378
-0.142370
0.160567
3.328357
1.742349
2.477814
-1.071209
4.399439
1.602896
0.131155
-6.021949
-2.171790
1.191837
-3.918397
0.594852
2.329925
-3.591882
-1.423235
-2.229168
0.312718
-0.599485
-5.816784
-0.531676
3.125469
-2.151571
2.599658
0.620844
0.301712
1.296466
-0.174273
-3.133486
-5.093716
0.922812
-0.369556
-2.093840
0.306875
1.715459
-3.917124
-0.472735
-3.109684
-2.453142
1.012103
1.108184
1.280138
-2.928668
1.218427
-2.230175
1.953087
1.252500
0.392459
-1.899913
0.642522
-2.312535
-0.331388
-0.899783
-1.568005
0.619473
1.250367
-2.026796
0.156696
0.281658
0.702063
-2.598562
-2.996995
-1.336194
-1.246569
-0.233799
-1.024752
-0.392782
1.250412
3.393441
1.425737
-0.968265
-2.695570
-1.772555
-1.133939
0.548281
-3.478163
1.440633
1.081358
0.464701
-2.376283
0.752566
-2.607944
0.822810
-0.135162
-1.677958
-1.912184
-6.287524
-4.612944
1.774093
-0.894040
-0.923575
-7.279967
2.703803
1.128938
5.441238
-0.963733
2.446445
-0.862603
0.445803
-3.995060
-1.397458
4.662257
-2.675890
3.316249
1.794512
-0.362743
2.130607
1.146912
-0.857624
-2.433358
-3.333370
-3.418313
-1.435100
2.321202
2.026844
-1.638762
-1.684971
-2.639737
0.815457
-5.111811
-0.789006
-0.420546
-2.958130
0.281995
1.520101
-0.869095
-5.358731
1.213350
-2.768233
-1.825152
0.466677
0.604617
1.667004
2.128847
1.684023
4.102280
-0.933283
-1.574284
-2.168578
-1.411954
-5.276988
2.574186
2.133689
-1.088657
-1.423648
-1.706289
-0.661794
0.648857
-3.860264
0.387070
3.193281
2.299787
0.271960
-0.511815
-1.127252
2.106325
0.751426
-0.067694
-3.066730
1.282112
0.872966
0.977080
0.064601
2.172519
-1.010588
-2.536684
-0.343122
1.678438
-1.969330
-5.489860
0.845263
3.067325
2.250238
-3.655403
1.811471
-0.267112
0.571997
0.913714
0.914075
-0.401646
-0.222281
0.789765
0.365650
-0.209888
-1.153757
3.046917
1.937623
5.212973
-1.872119
-0.165970
-0.015631
-3.261891
-3.036076
1.497982
0.015083
-3.704720
2.241851
-0.324747
-2.392002
-0.445361
4.412818
-1.682990
3.124975
2.215244
-2.242640
-5.285310
-3.859871
-0.361186
-5.154977
-1.772070
0.139601
0.544786
-2.214165
0.665192
2.796878
1.789465
0.328606
2.537845
-0.477412
1.154036
-0.264501
-1.373873
0.339796
-2.774241
-0.568392
-0.766077
-4.085770
-3.933829
0.585624
2.810828
-3.451210
-3.200979
-1.375380
-0.225786
0.273864
-5.114689
-1.376840
-0.432624
-2.416653
-3.896354
0.067364
-2.498683
3.383667
0.507331
-0.041231
-1.861205
-3.126895
0.686752
-2.018003
-4.142068
0.187840
2.942898
0.294190
4.465769
-3.791180
-0.676795
-0.836900
-3.977015
-2.222842
2.340246
0.012021
1.131899
0.555698
2.174804
2.138823
0.790960
8.348303
1.493438
4.239552
-0.935813
2.533825
2.928959
-1.888048
-3.756140
1.715366
-1.964701
-3.039538
1.892166
-1.363102
1.110350
-1.925483
3.049882
0.924820
-4.850411
2.447052
0.024782
-1.354820
0.333875
-5.656744
0.243321
-0.099279
1.651641
-2.197306
1.400510
-4.665384
0.283023
-0.108868
1.622163
-3.346968
2.386551
-1.585958
