0.426664
0.456987
0.792462
-0.409030
0.777086
-0.542609
1.922402
-1.131062
-3.041358
-0.453356
0.042324
-0.198895
-1.268606
-1.136349
0.185291
1.456115
-2.721592
1.328512
1.426672
0.485346
1.263538
0.405021
1.252810
0.241675
-0.856063
2.278075
0.952354
0.968956
-0.906106
-3.049251
-2.533620
1.802397
-1.093246
-0.449934
1.164752
-1.799039
4.211523
-1.400279
-3.831773
-2.155878
-2.295092
4.018380
-0.210003
1.929371
1.249267
-2.592912
5.521629
-4.685503
-1.311109
1.435068
-1.983129
-0.669471
0.494119
-1.961156
-0.785211
-1.199077
-1.058485
7.483960
-0.433786
0.873976
-0.272007
1.052821
-0.965104
0.814832
-1.438607
-2.831827
-0.835185
0.942560
-2.372668
-4.701776
0.378812
-4.906065
-4.177819
1.127224
-2.057158
-2.248104
-0.633691
2.237612
-5.746311
0.316747
-0.706035
-0.799827
1.041546
-0.534797
1.356796
-0.869344
2.016488
1.150064
-1.048310
-2.990623
-2.509319
-4.430550
0.581164
4.101350
2.142022
1.655866
-0.179114
-3.673503
-2.390184
-1.241964
3.199963
-1.762595
-2.038219
1.509375
-1.845193
1.981470
3.091854
3.071098
1.121600
-0.270802
-1.491700
3.113619
-0.874003
3.882916
-2.024275
-3.293967
-8.230527
-0.617012
1.719929
0.631663
-3.267586
1.148059
1.588863
-5.046348
-0.335010
-0.983957
1.797745
-0.519753
0.383208
-0.299588
0.708672
0.772896
0.904864
-0.199984
0.485050
3.297689
1.070789
1.606301
0.291619
1.833166
1.225281
-1.700262
-2.248143
0.673256
-2.833249
-1.177246
1.350128
-3.083743
-1.105343
2.608656
4.416718
-2.051220
0.319688
1.021915
3.857237
4.536400
5.743371
0.798980
-1.040344
0.525743
-0.926809
2.756321
0.484227
-1.657921
-1.091813
-3.379889
-1.932997
3.648838
0.785706
-1.272689
-3.918791
1.424682
-1.267724
-0.742961
-1.101000
2.174423
0.262317
0.033653
1.845775
1.530724
-2.047263
2.434633
-0.144696
1.497649
-1.025005
3.995269
-3.654887
-0.253505
-2.470351
0.807009
4.404180
3.311354
-0.586430
0.696552
0.784565
2.995276
-3.434104
4.592632
3.161671
3.046646
-3.065187
-5.395212
1.535926
1.105059
2.384484
-3.544946
1.766135
-4.603346
0.671970
2.245795
2.993006
1.284026
2.082827
1.723798
-2.053976
-0.888848
-1.279378
-5.211965
1.759996
-1.100163
-3.433727
-2.389473
-0.694647
3.653921
-2.709329
-4.028875
-4.242092
-0.404302
1.942131
-0.120231
-5.989676
-3.495792
-3.061129
1.835592
-2.165068
3.336763
0.876225
-0.473104
0.335976
5.208061
4.554703
0.647483
-2.708452
3.290908
-0.916661
2.463910
-1.835726
-4.842595
0.833791
1.114133
0.541937
0.774863
-0.162679
1.415025
-0.594112
0.977210
-0.578716
0.061669
0.328660
-0.561241
1.195049
0.311220
2.620169
-1.121718
0.572302
-2.009385
-2.698822
-3.664515
1.932861
-3.743157
0.078994
-1.673152
-2.262925
-2.199593
3.615206
-1.146951
-4.323499
-3.134926
-1.797139
0.197534
-1.094354
-1.107639
0.994989
0.340053
1.620862
-1.278660
0.125088
-1.763584
-1.788467
1.704685
-1.878298
-3.347192
-0.543667
0.675094
-0.026118
-3.568929
-0.673360
-2.100681
2.318508
0.441616
1.392794
-0.902963
-2.976260
2.616370
-0.734844
-1.176841
2.524033
-4.091566
-0.621466
-2.283679
-4.474173
1.161280
-1.968571
-1.726107
-2.662238
-1.405195
-6.173578
-1.876827
3.983117
0.380033
2.265628
0.385641
-0.865310
-1.887301
-1.662995
3.299333
3.027232
-4.886764
1.241048
-2.166367
-5.837800
5.734396
1.548566
-1.635048
0.358823
-5.378867
1.099719
0.283673
-1.623502
-3.913989
-0.092344
-1.020908
-6.348581
-0.071405
0.571177
2.713458
4.575891
-1.059288
0.584091
-1.245021
4.566348
1.042437
2.453905
0.336407
-2.523581
-1.240026
-4.553698
1.705007
4.609148
-4.782285
-4.706800
3.001569
-0.929872
-0.850123
-0.506973
-0.243044
-3.258754
-2.529331
-0.637134
-0.770385
-2.330421
1.821412
-1.142284
-0.208098
0.334213
0.903637
1.635475
-0.381622
0.947617
-0.018529
2.292944
-0.136694
-1.148416
2.646910
-1.893678
-0.468748
6.314468
-2.414334
0.764732
-2.721491
-4.885094
1.193966
-3.458863
-0.024631
-2.928908
-2.670377
-1.907408
0.021556
-2.072953
-1.539258
2.344774
0.789913
-1.040502
-1.454658
-2.469692
-1.312193
-1.085980
-0.115866
-0.387379
-0.312021
3.890556
-2.831180
0.041168
1.172005
1.854554
0.779803
-2.690432
0.605893
-1.787720
1.309299
0.996852
-0.112150
-1.168621
-0.988290
-1.676493
-1.006508
2.456432
-0.247167
-1.934407
-2.614681
0.713896
-0.084821
-1.680429
3.136720
-0.392463
-0.963215
-1.174567
-2.494921
-4.017081
0.393341
4.397094
-3.162175
-2.086399
-4.241825
-2.787365
-2.173475
-3.590507
-4.067418
3.131182
-0.659882
-0.718192
1.328699
-0.012470
2.375722
-0.167533
0.147273
-0.286641
0.979461
-3.425600
-0.893370
-1.646384
1.958131
3.358514
-1.644734
2.398231
-3.421969
-0.381877
1.562764
1.318418
-2.382720
2.021430
-1.055386
-4.344011
1.258765
-3.122864
-7.277782
-0.221888
-2.437053
-0.256453
-1.507099
-2.145969
0.188754
-0.291234
1.323979
0.965544
-4.766498
-3.134293
-1.238724
2.323800
2.764622
0.484843
0.125861
-0.989666
-2.283289
-0.275881
-0.877878
0.838711
-0.916320
2.916915
-2.117409
0.530545
0.883562
0.236828
-2.141327
0.164322
1.756403
2.123779
2.602429
1.229594
-0.507745
-1.504796
0.189763
0.033865
2.713000
0.827799
-1.449123
-0.831541
2.430701
0.333751
1.101743
-1.344379
-2.069490
-0.527262
0.906356
0.649672
1.874827
0.149746
0.888156
2.982490
-0.003152
-0.203186
1.620757
1.287475
-2.629267
1.297080
-0.541522
0.292432
-0.082032
0.178949
0.495248
-0.118345
-0.977470
-4.282941
-2.290880
-0.042351
-2.224749
-4.146612
-3.065007
-1.220029
-2.271326
1.837338
2.498400
1.249799
-5.354068
0.849763
-4.651302
3.440187
-1.269311
-2.068401
-1.692463
-0.473333
-0.478135
-1.192949
-4.141462
-1.549621
4.717232
-0.172569
2.515511
0.683029
1.725637
4.954229
-3.666426
-1.278355
-1.378129
-3.466484
-7.746546
-3.608263
1.129393
-1.509838
4.231413
-4.389137
1.546144
-1.800896
-2.806331
-1.978064
-4.177755
-10.981264
4.302319
8.639820
-2.901188
-0.748145
0.058078
1.710359
-0.073492
0.289064
0.659440
0.225833
-4.513914
-0.814915
-1.826919
-5.691707
-0.885947
2.609077
-0.815079
0.685284
7.763344
2.406235
1.641007
0.523894
-2.213647
-2.774368
-3.071069
-2.392072
-0.753238
1.277453
-4.849850
1.638676
-0.172998
1.954777
4.328948
3.909889
7.049704
-0.886868
-0.139932
-1.892698
0.425175
1.221766
-2.758683
0.224317
-1.126851
0.986248
-0.752205
-1.882219
2.514737
1.230225
2.244932
-0.767458
-0.655874
-1.198625
0.882050
-1.739502
2.636125
0.454588
-1.744999
0.568160
2.062004
-2.287525
-4.547682
-2.436957
-2.644128
1.880382
0.067798
-0.325255
-0.253108
1.123190
-3.661078
-1.590733
-0.176508
-1.968292
-0.533732
-4.233977
1.029459
3.257963
1.046102
-1.864958
1.250837
1.163073
-0.618139
-5.125388
3.045356
-3.031974
2.369943
-7.562889
2.935843
-3.049136
-4.795404
-1.410152
2.686421
-0.687141
-3.517069
-3.062038
3.075319
-0.722274
-2.056060
-2.643403
1.388496
2.696131
1.825943
4.331617
-2.668146
-0.908491
-1.919056
-0.123505
2.975753
-3.083373
-3.527252
-0.037186
0.353625
-1.736798
0.342603
3.701583
-5.650375
2.840569
0.737672
-1.172962
-1.054971
4.852821
5.441764
-2.676796
-0.643160
3.030337
1.243603
-1.612370
-3.640829
3.577810
-2.217837
3.385189
-1.166171
-1.649379
-4.066677
-2.341948
2.696749
-6.101733
-2.757342
-0.579512
0.898703
-1.141014
2.530228
1.219222
0.648994
-0.413732
1.418854
-3.727031
-2.727556
-2.922967
-7.659506
-2.954998
2.485044
0.518049
0.217721
-2.865852
-0.947025
-1.534272
1.052099
4.037766
0.099456
4.470741
-2.232033
-1.776512
-0.173519
0.000000
-0.585972
0.162115
-0.678708
-1.178887
0.829565
-1.833670
-0.839214
1.065048
-0.587255
-1.959183
0.074989
2.051663
2.637149
-1.624787
3.039925
-0.342705
-0.580114
1.594316
-0.695328
1.233136
-1.356192
-0.264029
0.955261
-1.497494
1.617807
0.691145
2.127821
-2.653975
0.181088
1.116884
0.270982
0.413413
2.775161
-0.601242
1.601844
-2.524389
-2.862227
-0.816539
-0.992583
-3.060246
-1.771870
0.763260
3.449041
3.334364
0.298327
-4.663132
1.693475
-1.035067
1.265168
-0.104155
0.928668
-1.267596
-0.859410
-0.795565
-1.904183
-2.730783
-3.104923
2.134501
2.477702
1.213201
5.686536
-3.841034
-1.114830
2.284626
1.567822
-0.928862
4.084572
-0.865247
0.675850
-5.366494
0.309980
-0.557607
-3.293360
-0.263931
-6.495360
0.498484
-2.736784
-0.489189
0.404269
-2.402449
0.951980
-1.159966
-0.692348
1.634695
-1.739852
-1.622103
-1.004929
-0.477894
3.028277
3.285734
0.014990
-2.735498
-1.778654
1.978728
1.262797
2.128806
0.215951
-1.843323
2.201906
4.152996
-5.155349
-0.629234
-3.960029
4.066006
1.831893
-0.872637
1.708058
2.352252
-1.769324
-4.394968
5.701177
0.455466
1.400368
2.290285
0.691006
2.095478
2.509737
0.445441
3.036669
0.424450
-1.460382
2.292864
-1.107383
-4.887825
-1.703078
1.298258
-0.397990
-0.152270
-2.167236
0.695241
-1.032508
1.596437
1.843877
0.142970
1.310252
-3.068356
0.781018
1.148683
-1.927262
-0.922725
-1.125092
-1.721691
1.478568
-1.561383
-4.391899
0.256028
-0.522539
-3.740159
1.297718
2.011923
-0.252666
-2.679651
1.167567
-0.766736
2.657269
-0.289121
-0.106940
-4.666154
1.830449
0.781781
0.637396
-3.129269
-0.412745
-0.940396
-0.288052
0.283884
5.864367
-0.629475
-0.705925
-2.380663
0.372300
2.673617
-1.040219
2.381363
-1.122153
0.941132
-0.745892
0.113369
-1.123552
0.206461
-0.027199
3.025655
-2.276869
-4.393872
-0.071319
1.673108
-0.420623
-1.984762
0.618089
1.649220
1.143563
-1.321274
-0.847045
-0.994695
-0.162335
-0.094042
-1.340625
-7.427993
1.066392
1.132987
1.830207
-0.765447
-0.608351
5.333076
0.882975
1.674976
4.899218
-3.864575
0.012244
1.500903
-0.669938
-1.545767
-2.994755
-1.864959
2.442394
1.178703
-0.696613
-3.724417
2.181114
-1.555281
-0.011152
3.322849
1.178676
1.012667
2.629541
1.451612
-3.238665
0.653799
-0.722583
-0.769861
-2.555435
0.180697
4.014630
-5.422679
-2.783931
-3.956031
1.476243
-2.767141
5.146035
0.099619
-2.804867
-2.128642
3.065922
1.666224
-4.536541
-4.100007
0.053272
0.498473
-2.742595
