0.721337
-0.008800
-0.019722
-0.098297
-0.881249
0.874123
0.971544
1.111642
-0.578016
-0.965643
0.007501
0.899597
2.073638
-2.006706
3.587095
3.322427
3.556396
2.318754
-0.471036
-1.343449
-2.072766
0.824051
-4.012929
0.991527
0.701650
0.669671
1.482288
2.197144
-2.392217
1.916013
-0.774560
1.860298
1.405485
1.235735
-1.433561
2.034970
-3.302222
-1.513409
-3.395641
-4.770503
-3.949605
-1.046173
2.999814
2.090486
0.827461
-3.156384
1.040144
2.356668
-1.479432
0.194334
2.072489
-3.398838
1.678717
1.315944
0.129153
-2.359693
-1.082055
2.013193
-4.697474
-2.038419
-0.729956
-0.634162
-1.906666
-0.589835
-2.522384
1.627786
0.380961
-1.837046
-4.608747
-1.641578
-6.151341
-5.193807
-3.964958
0.854232
-2.703093
0.626202
1.163324
-1.973135
3.400078
1.050143
-5.385286
2.800043
1.554294
1.011789
0.758047
-0.309410
-0.052085
0.906260
-2.245428
-0.737482
0.649809
0.544528
1.370082
-1.246514
-0.163271
2.914799
0.664471
-0.769978
-2.289196
-3.492285
1.755438
-4.054765
1.623649
0.441214
4.062171
-0.319865
-2.006681
2.438653
-3.442682
-0.721038
-1.778209
1.976164
2.836608
-4.779385
2.782268
-1.133546
0.222116
-2.633189
0.145256
-3.287722
-4.781872
-2.356533
-3.784827
1.608058
1.774747
0.810222
0.117179
1.219647
0.566322
1.868074
-1.339774
-2.017636
-0.888984
0.690689
-1.905133
1.540774
0.574079
-1.276940
-1.185699
0.557948
1.997292
-0.131495
0.140287
0.917652
3.243176
-5.313427
1.368721
2.976040
1.300227
-2.333397
0.014857
-1.863543
0.806138
2.467483
-0.076423
-2.723471
2.312806
-2.091515
0.112062
3.003489
3.037122
-2.242519
2.272008
-1.465824
-0.177047
-4.398633
-3.033966
0.138770
0.198849
1.068954
-0.151650
-0.885919
-0.017280
-0.169286
-4.301577
0.459409
-0.341695
-1.738110
0.649426
2.851100
-3.920852
3.444268
0.159801
2.719760
-3.409606
-3.250974
-0.821930
1.013981
1.705004
4.156826
-2.113295
-4.797786
1.228494
1.282438
-0.662443
-3.198233
-3.924966
1.009415
1.631972
-1.111472
-3.501532
-3.259104
0.766747
1.035308
-4.376436
-0.926979
2.437567
-0.983151
4.215421
-0.821736
1.175486
-0.885706
0.268956
5.008344
1.608570
0.580667
5.728604
-5.444955
-4.545265
1.412474
2.562165
1.382582
-2.430864
-3.994569
0.181893
0.411296
-1.246833
-0.635017
2.348033
-1.492596
-1.343951
-1.491230
-7.637989
0.951341
-1.403384
2.544720
-2.986854
-3.560414
-5.581019
-14.691023
-1.331999
0.233726
-0.728495
-2.260339
-4.413309
-1.378704
-7.594703
1.007421
-0.318157
2.392637
-0.576533
1.323155
0.121267
-0.521543
0.854461
0.682005
1.339792
0.552987
-1.302841
-0.685652
-2.689065
1.031347
-1.651185
0.890623
-0.114279
-3.133752
-1.266156
3.265484
2.950442
1.954756
1.701034
-1.662290
3.860677
-2.324773
3.494524
-2.853658
2.531612
-2.420950
-1.815393
-1.322694
3.490714
-2.891440
2.286360
-2.589813
-0.304903
-3.449150
6.194311
-1.873032
-2.222068
-1.527436
-2.480891
-2.012279
-1.475565
4.613813
1.015544
-0.152236
-0.500419
0.241369
2.686295
-0.097764
-3.675920
-0.955833
-0.650328
1.379645
-0.854085
2.491289
-3.999468
0.951427
1.257746
0.399530
-0.015065
-1.373027
-0.319236
4.162984
-2.618226
0.261522
-6.102015
2.900511
1.519240
0.238518
-2.011524
-3.234781
2.148516
-0.146564
-3.564789
0.698867
-2.411801
-2.962406
0.358893
1.296152
0.836743
-1.557496
-0.536857
-1.482476
-7.408789
-3.455365
-5.995234
1.327164
-3.781001
-1.092944
1.068128
1.559377
-2.923909
-5.319273
1.264915
-1.761990
-1.848039
-0.131559
-1.582916
0.318187
0.055783
-2.756926
7.903810
-1.505200
-1.364548
1.642971
-3.015036
2.809986
-3.429230
-1.066591
5.529739
-0.883708
-3.853731
5.643650
-3.579440
-1.889358
0.636478
-5.086297
3.599608
4.038530
-0.562032
-4.145446
-0.801779
2.058298
-0.372104
0.000000
1.399028
-2.015113
1.112641
-2.093621
3.256333
1.977251
-0.242872
-1.855055
1.759274
1.471777
1.265396
-0.614214
-0.198122
-2.012326
-3.789846
0.189472
-0.019229
2.682165
-2.188825
-0.887104
0.222390
2.581761
-0.800548
0.238986
1.579203
-0.245301
5.634569
-2.630465
1.720614
-0.679764
-3.135615
-0.387067
-0.567457
-4.889317
-1.481356
3.759231
-1.734736
5.469111
-2.593091
-4.575338
-0.352263
-4.351127
-3.572453
1.334412
-5.357554
-6.448633
-2.949625
-1.869108
1.599985
-2.854636
0.162670
0.282822
-0.526517
5.454731
1.716144
1.318311
0.598100
0.799988
-1.451654
1.087911
1.431076
3.285223
0.527791
-0.233958
0.946871
1.237719
0.605889
-3.240084
-0.622737
-7.139598
-2.488896
5.203368
-1.979550
-1.488686
-3.226631
4.210422
-1.520831
4.229523
-0.300379
-2.497866
-0.485539
1.605629
2.814223
4.911917
-7.738366
-0.828768
0.408188
-0.659574
-0.133128
-2.250264
-0.033535
1.302158
-0.641323
0.966246
-0.772015
-0.197432
-1.450219
1.666173
-2.255073
1.819224
1.560217
3.768829
-0.776917
1.736808
0.706547
1.617645
-0.032474
-0.241469
-4.528887
-5.364465
3.768293
-0.509828
-0.392412
1.697415
-4.211345
-1.730547
-2.333905
2.507387
1.085166
2.416744
-0.823227
-0.714941
0.688482
0.142579
-0.902500
-0.856180
0.381031
-1.737582
2.630131
1.442568
-0.167676
1.526075
1.287729
-0.039592
-1.361130
1.154270
0.232595
-0.254999
-3.627765
0.826404
-1.657051
0.231381
-1.905425
2.677079
0.522971
-3.028816
0.653428
1.696032
-2.450957
0.652690
1.560584
2.764029
2.746244
0.974663
2.757511
2.295349
1.349931
3.648796
-0.969864
0.034761
-3.610751
-1.112816
-6.963630
-3.144732
-0.967112
-0.361386
-0.390694
1.680119
0.831015
0.960189
2.545835
-4.270763
-1.271521
4.442594
2.023607
1.810280
-3.551178
-2.965309
2.848651
-3.975142
-4.264122
-4.415754
2.469464
2.411183
-3.969286
0.479149
0.092066
0.722840
-5.092231
-2.262551
-3.661771
-0.264520
1.734437
-3.715471
-1.345064
1.906382
1.977429
-0.251128
4.861618
3.321523
-6.922888
3.577638
-0.885695
-1.832319
0.833191
-3.001830
2.954291
-5.628142
-2.004058
-1.351134
-2.917920
0.731180
-9.813042
-1.214010
-7.010789
-2.382173
-4.928665
-0.037367
1.304125
2.196043
-0.142696
1.236971
-1.715380
-0.404474
4.579745
-3.015266
1.796422
-1.137438
-0.906405
1.094637
-0.136041
0.422228
-2.524517
1.418141
0.953726
-3.345591
-3.559355
-8.025328
0.614034
3.320774
-5.403120
-0.186272
0.854625
3.879452
0.536135
-1.505811
-3.910842
0.746721
1.537120
-0.878561
0.719858
-1.318449
-0.692155
-0.652129
-2.565741
0.491310
-3.604731
-1.666747
-0.455991
1.873565
0.530739
-3.467446
-1.997198
-2.046946
0.457625
-1.562301
-0.894114
-4.170328
0.604101
-0.717852
-2.257372
2.478895
1.307143
5.148262
-3.824068
-0.703875
-0.453453
1.948365
-5.172539
-2.493840
-1.693806
-1.457451
-5.007518
4.032522
-1.573265
-3.158870
-0.923909
0.910574
-0.115834
2.870020
3.040929
1.536226
-0.094262
1.259019
0.395723
5.796136
4.787838
-2.496325
-3.301973
0.581832
-1.979302
-5.688349
1.001539
-0.655096
-4.461574
-1.160137
1.286307
6.738616
-1.521272
-2.886516
-4.141045
-0.225668
-1.486231
-2.743126
0.093348
4.043595
1.555949
0.317265
-0.965703
-5.164392
-6.953224
3.697612
1.021623
5.242572
-2.794786
-1.634139
2.782554
-4.684286
-6.856084
-0.571019
-0.463500
-2.430800
1.042153
1.231101
3.251996
-2.425022
2.339303
-1.496465
-0.121362
-3.719180
-0.068279
0.889796
6.330338
0.596938
0.649822
-1.383923
1.123153
1.536053
-2.535748
3.142378
-1.823298
2.901730
-3.790600
-1.263569
1.778706
3.226799
-2.637791
4.432226
0.657022
-4.475394
-3.744546
2.315885
1.873336
-0.041475
0.961822
-0.232937
4.288655
1.990854
-0.058006
2.239339
-1.557965
-0.861585
1.365944
1.437467
1.052676
-1.546104
0.725922
0.685829
2.585982
0.002491
1.115304
-0.094873
-0.483464
1.501149
-0.477551
-1.760027
-1.147066
-2.389785
-1.757449
3.417640
1.289512
-0.111340
1.872421
1.547189
-3.885262
1.052658
0.248006
-0.251262
0.090800
0.853706
0.350866
0.495679
-3.556615
-2.014401
-0.948918
-0.281420
1.039646
2.497799
-1.017287
1.161880
1.670278
-1.900950
-3.207272
1.047855
-1.897037
4.309883
-3.595780
-4.302528
-1.083581
-0.193546
-3.900210
-0.493848
4.540679
-0.169208
-3.338773
3.214807
-2.126761
-1.521919
0.676922
1.535915
-1.853249
-0.015065
-3.732505
-3.312810
0.222365
5.662354
-1.279090
0.774417
0.276688
0.660043
-0.319504
-3.118125
-3.140470
-1.423819
-3.118808
-1.333616
-0.407119
-2.344953
-1.957099
4.711645
-3.266714
0.676558
0.360223
2.062838
-0.620441
-4.123798
-3.760406
1.273813
-3.383231
-2.237724
1.371937
0.083954
1.469494
-5.278972
0.369690
-1.497773
-1.721974
5.440233
3.720066
1.921688
2.137156
0.412227
4.211436
3.097213
0.117370
-0.970915
-1.303210
1.528088
-2.025452
-1.572359
-5.047581
1.217411
-1.359248
-4.170078
-0.091468
-3.414252
-0.377994
-3.779405
2.456242
1.599040
-0.204804
-3.258843
-3.853336
4.886206
1.831656
0.459488
0.397080
-1.772965
0.570304
-0.820174
-0.042891
0.576244
0.790934
0.302447
-0.300991
-1.184626
0.988758
0.902620
-2.422909
1.951750
2.305722
-1.387640
2.746777
0.616632
-1.008664
0.014366
-2.063114
-0.219534
-2.345158
2.285238
0.748350
2.679061
-0.939633
-1.571166
-0.656355
-4.035632
-3.313125
-5.147241
-0.348686
1.707722
0.362614
-1.373871
-0.854544
1.159844
-5.576255
-1.864540
-1.025152
-1.114766
-0.648351
-2.009901
1.029683
-2.635081
2.799522
3.094029
-0.066172
2.029680
-4.045065
1.561638
2.060081
-3.815519
0.398237
2.510838
-0.185099
3.349788
0.046399
-0.620026
-0.539861
1.227488
-2.694831
-0.222507
-0.500161
-1.625276
-1.961802
1.335955
1.789613
-1.652698
0.141461
-3.971697
1.173971
4.502035
2.379276
2.266429
2.744818
2.607423
-1.084961
1.147565
-3.823749
0.810473
4.562474
-5.240002
-0.894548
-1.229751
-2.214517
0.219519
-3.092239
-0.350964
-1.737186
-1.467843
1.513624
-0.321780
-1.434104
-0.640476
-0.852541
-0.068982
-2.686815
2.629506
0.289757
1.548404
-5.759284
-4.434966
-1.548108
-1.263813
2.634381
0.024255
-2.604483
-0.522252
0.721549
-3.828209
2.708190
-0.499589
0.517265
2.027610
3.633894
-2.130641
0.332067
0.320038
2.492794
0.822821
-5.992540
-0.659647
0.772306
-4.409712
-2.636233
-1.173722
