0.894578
-0.563981
0.302896
-0.090375
1.776885
-0.251450
0.884623
3.791032
-1.164334
-0.085443
-0.501542
-0.430757
-0.774292
-0.899254
-0.635260
2.432140
0.044445
-1.032419
-2.808102
-0.112383
-0.847156
0.159472
-0.170548
0.701528
1.753034
-1.609101
-0.042659
-2.274178
-3.234886
-4.091412
1.299103
-0.008125
-0.104335
-2.674879
-0.105627
2.619380
1.247937
3.071737
0.389508
-3.857210
-1.446045
3.343640
0.362439
4.859865
0.782505
3.941927
0.521054
1.291660
-0.019125
2.997247
-1.638048
-5.524697
-1.775990
-2.107148
2.661393
-0.802533
1.108486
1.727321
2.169924
0.910522
0.378882
3.127540
-1.818600
3.995039
-2.021148
0.440250
1.747431
-6.855966
-2.123224
-1.013805
2.649221
0.527511
-1.966235
-3.003961
-1.618387
-0.614644
-1.386252
1.952065
-4.791181
4.764217
-0.564197
-0.972618
0.421359
-0.024003
-0.835903
3.489787
-3.350847
-3.587678
-5.672068
4.409818
3.867917
-0.658040
-0.485444
3.718527
-0.896263
2.247044
-0.651949
-6.648709
1.630110
-2.854108
-3.526218
4.232152
1.041957
0.015031
1.771791
-2.094925
0.071053
-1.841200
-2.915006
0.563130
-1.800691
-2.823838
0.730943
-0.814224
2.545026
-4.701674
1.568869
-1.353740
2.264473
-1.654910
3.297796
2.179579
0.313138
5.948534
0.317124
-2.076969
2.276921
0.698608
-0.400253
-0.230304
0.229309
-1.840176
-0.026683
1.084420
2.294215
0.975365
0.660235
0.086081
0.026580
0.003868
-0.592818
0.462184
-1.151319
-0.347676
-5.016322
3.480133
-1.845153
0.775327
4.771857
1.122801
2.322377
0.843192
0.635741
-0.025275
0.331412
-0.510502
2.531304
-3.429023
5.523664
-1.681251
-2.103204
2.799751
0.802352
1.372750
-1.183237
2.231369
-3.938995
-1.955101
-2.093705
-0.772715
-1.844213
1.312423
-2.722858
-0.687285
-1.495097
1.150816
-1.550227
3.233232
1.858274
0.837422
-1.876075
0.087563
0.060626
0.878491
1.549786
1.350114
-2.056981
0.341037
1.665387
0.282734
0.564100
-0.924517
-3.392668
-2.311501
1.698727
2.341534
-5.944192
-3.248487
-2.970965
-7.648401
1.685881
-0.228445
-1.503069
2.571319
-0.209593
-3.132210
-1.720870
0.932199
3.278123
-3.512226
4.295442
1.468006
-2.310573
0.561053
-0.116454
-2.173924
1.710772
1.460122
-4.505474
-0.671517
-11.761320
-3.868789
-4.282171
-0.851593
0.950449
-3.493014
-3.025179
2.223063
-6.900978
3.782898
0.472648
0.336984
6.506257
-1.447295
-8.865387
0.766803
-3.062012
2.874556
3.013977
1.482094
4.172350
3.731314
-1.595273
0.120821
2.883466
-3.713126
-2.750546
-2.720227
-0.850393
-8.147644
0.000000
-2.074793
0.417571
-0.839838
-2.077130
0.654192
-0.846592
1.225914
-0.203642
-0.850921
-0.446767
-2.508377
1.728896
-3.336397
1.975368
-1.250551
-1.184477
2.529805
0.378014
-3.563674
1.522539
0.594248
0.475658
0.974553
2.584971
0.271174
0.442316
1.721270
-0.932077
-1.468134
2.089443
0.157712
-1.972366
2.431707
-0.754515
2.210849
-3.608277
-5.143127
-4.453734
-3.591461
-1.945188
-0.187906
-6.378994
-2.082952
-0.019191
-0.935803
1.574327
3.788495
0.347792
-3.964403
0.622798
-4.088247
-1.830049
1.673421
-2.618291
1.024579
1.925217
1.854582
1.568336
3.701784
-0.532291
-0.009139
-5.780724
-3.782070
1.623153
-1.094931
3.492515
1.189754
2.852242
-0.641902
-2.712369
0.360497
-0.700966
3.196029
-2.165252
-3.190078
-2.780035
-1.553298
-0.404322
0.104334
-0.183016
-0.478419
1.660309
0.923691
-0.247791
3.696531
-0.599539
1.969679
-3.545552
0.181765
-2.585706
-2.831746
1.590121
-10.383289
-0.457725
6.430286
-1.060787
-5.053049
-0.726875
2.713709
-1.023780
0.895429
0.575695
-5.869027
3.935917
0.634544
1.943235
-0.438437
0.007796
-0.447746
3.342705
-1.574332
2.406273
-0.969031
-3.519460
-0.262339
-1.769085
-2.027214
-0.413033
-3.158529
0.393653
-0.311035
0.988484
1.698094
-0.524392
0.000000
0.949492
-0.554998
0.310317
-0.542472
-0.796974
2.769560
1.871631
4.558245
0.383194
0.890094
-0.664625
2.625474
1.955463
3.917610
-1.262792
-1.876726
-1.861143
1.690225
-2.387871
-3.403660
2.355605
-1.990958
0.864209
0.830589
2.834070
-0.522443
0.245567
0.972320
1.441464
1.561644
-1.862848
-3.568065
0.100639
-4.136241
0.677502
-4.060712
1.668099
-1.210410
-3.374094
2.978212
2.773133
0.221787
1.455588
-1.624447
2.004697
2.395461
-3.938621
0.890229
-2.350082
-0.086705
2.976084
-1.290433
3.053814
0.642109
0.567599
2.483165
3.517043
-3.692191
-0.940357
-3.736200
-6.524646
-2.036135
0.637012
3.052629
-2.262131
2.922537
3.062909
3.226293
1.605116
-2.547368
1.871957
1.521737
0.094730
-0.111753
-1.145490
1.461219
0.345021
-4.870934
0.874454
0.592372
0.333538
3.464695
1.695360
4.050071
0.455762
-4.365711
-4.977605
0.817655
4.627339
1.077823
-1.564593
0.232448
3.849996
2.322189
4.161479
-0.122147
-1.935380
6.282234
-0.686841
0.378558
-1.898602
-1.314148
-1.367828
7.189575
1.438216
-1.268156
-3.162989
-2.228968
-4.279723
-0.956639
1.209091
-2.339613
-0.536474
1.376548
0.234325
-1.091823
3.893846
1.398516
-0.818843
-3.181270
0.968704
-3.094113
0.825852
-1.182001
0.862846
0.247219
2.100498
1.468952
0.781438
-0.663537
-1.136099
-1.441981
-2.913720
0.171607
2.322212
1.241483
2.252401
-0.089986
-0.498223
2.415759
-0.293636
4.383959
3.640325
-1.242709
3.412549
1.677385
0.328030
-1.272649
-0.024515
-1.409510
1.252907
3.000955
-3.081628
-3.948660
-0.955094
-5.672967
2.999170
3.331222
-0.596914
-0.930994
-1.114964
-4.755572
-4.331897
-1.108152
-5.920250
0.491609
-0.727872
1.468980
-1.236420
2.506981
0.006754
3.102699
2.456031
3.759283
1.596818
2.544408
3.208117
0.159887
-2.808130
2.430264
-3.985101
-4.373437
0.295393
-0.539278
-0.988046
-1.397144
-4.270378
-7.093874
-2.539805
0.573120
-0.847354
-2.830093
-1.560692
-1.116940
-3.130621
1.347463
-4.054898
2.059771
1.088452
-1.257661
2.868972
2.019395
-2.906557
-2.681315
-2.846807
0.426037
-1.452459
0.515746
3.275403
0.348473
1.437247
-4.729165
4.253103
-4.885179
2.905393
2.393219
0.166663
-1.814398
-1.044580
-5.722753
1.942223
-0.009735
2.399333
0.907788
-1.601619
3.402800
1.530953
0.022446
1.326794
3.687385
1.620237
-1.612818
-0.929523
-2.146513
0.560859
-1.889034
0.273986
0.913011
-3.455745
-1.498174
-2.407776
-5.505699
-1.432594
-1.440131
-2.309375
-0.123612
3.103155
-0.287238
-2.917221
0.029274
-0.779496
1.776122
-1.006526
-1.025009
0.770048
0.488109
-0.189691
-0.539626
-1.696371
0.958708
1.056063
-0.061018
1.759817
1.332898
0.281157
1.633202
-2.218697
1.805383
-0.312174
-0.009181
0.321089
-2.676379
2.104637
1.958975
2.078231
-1.380218
-1.421578
2.928963
-1.610033
-1.184051
-0.124245
1.382469
1.345829
0.948970
0.593278
1.035938
2.899360
-0.581447
1.191552
2.018775
4.681240
-3.289344
3.241210
-1.178566
4.498318
0.289456
-0.256169
-5.121422
-1.227991
-2.627488
-2.069574
0.895348
3.372872
1.476365
-0.464781
-0.172325
-1.540550
0.258022
0.451383
0.532824
0.367522
1.886549
-4.531314
2.313361
-1.106886
0.317072
-0.043462
-3.535914
5.900527
-6.509151
-1.967416
-7.926997
-2.961240
5.557262
0.859719
4.684805
-0.063801
-0.475288
-3.066850
-1.783420
-1.876747
2.263052
-0.902296
-0.001584
3.644798
1.588667
-1.544618
-1.303584
2.900558
1.479275
-1.018325
0.728643
-1.326752
-3.188114
-0.716367
2.012896
-4.420499
-4.736862
-2.898520
0.267996
3.382736
1.194574
3.693674
-2.465721
-2.300237
-0.084133
-1.009267
3.896439
-2.861500
-1.723347
-0.665433
1.818019
-1.130227
-3.092358
-3.728468
-3.650596
-0.997073
-3.024736
-3.232569
-1.782075
-3.995549
2.028765
-1.550878
-2.669650
1.021078
-0.459408
-0.605964
-1.379224
-0.002810
1.194192
1.408015
-0.121948
-1.997233
2.717542
-0.459414
-1.257573
-2.949361
-2.106947
0.266120
-2.615376
-1.917012
-1.277846
-0.286832
-2.234502
-0.308658
1.943173
2.101600
0.741233
-1.266065
-2.767076
1.533501
-0.497665
0.918673
1.227198
-0.799280
1.034086
-2.629490
0.305942
-0.280200
1.742924
-0.199318
-7.305409
-0.478606
-2.951252
3.438744
-4.464921
-4.174801
-0.848612
0.438079
0.897066
-1.687472
0.313627
-4.298913
-1.573255
-0.030375
2.911051
2.040336
-1.394017
0.910366
-2.840153
-0.570425
0.390821
-5.238502
-0.292227
1.803986
-1.403050
-1.089762
-2.599849
-0.865527
4.418555
1.401599
1.108405
0.763371
3.956028
-4.040403
1.807664
-1.283231
1.203766
6.038029
4.114933
1.870696
-6.100225
4.006107
1.616874
0.018636
1.915870
4.856871
1.463992
-4.868691
-1.070115
-0.752620
1.263043
-3.888657
-1.817621
1.339942
0.892410
-5.049594
3.900588
-3.640195
2.742985
5.460543
-1.062360
-2.153186
1.048392
0.305447
-2.434011
6.655669
-1.826838
-1.512063
-2.937366
0.452636
6.615893
-2.260809
-3.443417
4.332376
3.282328
0.653845
-0.843720
-3.691494
1.926882
0.567032
-1.656809
-2.546160
-1.100662
-1.095505
-2.848301
-1.588369
-1.390935
2.103011
0.549527
3.007518
-0.912475
-0.152111
0.172718
1.551897
0.139744
-0.539194
-1.871318
0.947094
0.944700
0.449293
-0.094335
2.579725
0.556246
-1.213164
-2.854345
1.817833
1.768576
2.072235
-1.133121
2.573203
-2.215727
2.024782
0.342443
-5.928956
-0.316058
-3.039912
0.149952
-1.247350
-0.753698
-4.386697
-3.626818
-0.270345
-1.006961
1.256667
-0.601513
-2.797039
1.597555
0.173110
0.477591
-2.367780
-0.620275
-2.639111
-1.780676
0.957254
0.106616
3.513721
4.441593
2.590130
-0.135943
-2.192122
0.992675
3.141193
-1.241689
-0.768156
-1.257452
0.705454
2.964080
-4.251184
4.252037
0.242776
6.689246
2.365151
1.145844
-2.573374
-1.185010
2.326120
-1.297274
-0.172385
-0.917477
-4.455285
-2.755011
-1.184132
-1.513817
-2.511210
1.372310
-0.076295
1.428985
-4.841532
0.015966
-0.651871
-2.032376
-0.550640
1.951399
0.094445
-0.993691
-2.797033
-0.027280
0.852821
-2.143394
-1.112371
4.566108
3.496216
-4.135326
-1.898697
1.865160
4.110308
1.742381
-1.682213
1.329629
2.075940
-2.968371
-0.824958
-2.423802
-0.055772
2.673315
-1.073965
0.784390
2.385472
-0.801935
4.057265
-1.057255
-0.229232
-0.872596
2.038879
-1.226748
-3.882346
-1.324629
-6.158761
-3.342725
-3.043411
-3.432136
1.714677
0.665308
