0.988339
-0.091506
-0.959489
-1.363713
-1.377145
-0.152477
-1.283744
1.241764
-1.601301
1.800257
-2.261793
-2.676430
1.494635
-0.277467
-0.240196
0.017503
0.029495
0.127643
-1.526608
-2.246210
0.564618
-3.646070
6.265214
-2.029765
3.480060
0.524247
-4.031486
1.090471
0.733043
-0.927813
-0.163730
0.083411
-0.710806
-0.100698
-0.136600
0.893311
1.299444
-1.506747
-0.470883
0.976743
0.083721
2.799804
0.766858
0.706880
-0.571876
2.338742
-1.522147
0.461680
-0.903958
2.914687
-7.062320
-1.010947
-8.002905
-3.651651
-2.760844
-4.230408
3.142057
2.399553
-2.554943
0.424933
-4.803043
-4.326396
-1.531644
-1.960167
-1.460215
1.829171
-1.645747
-3.323645
-3.117444
-1.795424
-2.532732
-4.164939
3.565547
-0.010169
4.060013
5.467411
-1.801691
-1.350434
-0.884560
-0.782754
-1.643580
2.643005
2.192431
-3.458764
-2.248958
-1.570071
-4.820376
-0.194932
3.169461
1.945292
2.087003
1.827591
0.660994
0.447042
2.827417
2.600436
1.604954
-5.537656
1.099814
1.185352
0.148658
-3.894594
3.226298
1.199873
0.348098
-4.948168
-0.264232
-2.587847
-0.135224
3.450943
-3.993647
-1.151542
-0.586288
-4.029946
-3.213078
-0.778638
3.004687
-2.817303
4.459436
1.004495
5.522165
5.084723
-5.034096
-6.045845
2.776294
0.715006
-0.091915
0.212680
0.943554
0.177527
-0.418494
1.275097
1.920872
0.620182
-1.083588
-1.815154
1.610613
2.773782
-0.031597
0.535256
2.049431
-1.871383
-1.525962
-0.512923
-3.059834
0.012176
-3.686513
2.654770
-2.558791
-2.388085
1.242537
-2.832888
-2.257756
0.638660
0.415657
1.406417
-1.481239
1.040739
-0.456205
-1.403916
-1.561372
3.317183
-1.267067
-3.103626
-1.925020
-1.135198
-0.003316
-1.562891
0.716287
3.540481
-2.308668
-2.117563
-2.978444
-1.655893
0.029826
-3.173521
-4.306223
0.733460
2.776656
-3.989860
2.581559
1.719151
-4.118006
0.836420
2.707337
-0.924119
-4.526914
-0.214260
-4.259763
1.163256
-0.714360
2.467129
3.677749
0.994003
1.270721
0.821950
4.946214
-4.073737
-0.069546
-2.403485
0.748340
-3.879797
-4.320509
-6.227993
-1.513704
-0.773523
-0.321980
0.838603
2.082581
2.480414
0.262690
-3.621811
-1.243649
0.084915
1.244303
0.354623
-0.189236
2.060818
-1.154868
-2.767982
-2.061651
0.819405
-0.659739
0.174553
0.866444
-3.485755
-3.887323
0.251014
1.702673
3.275606
1.386166
1.635438
3.211289
0.649785
3.142060
0.190926
2.859839
7.806764
-0.898263
1.949666
6.323751
-0.231931
5.318405
-0.113935
1.311243
1.509412
-2.459152
1.465405
1.637299
-1.458089
-0.030945
-0.616659
0.037209
-1.118208
0.550819
0.563312
1.795775
0.672801
-0.738467
-0.624539
-3.058967
0.543729
-1.109076
-1.897151
-0.283317
-1.280362
-0.707338
2.329896
-2.710767
-1.659825
3.394110
1.316618
-1.990509
0.864531
3.576360
-1.826005
0.371801
0.130727
-0.078467
2.186556
-1.782578
-0.568953
-3.276283
-2.541599
0.065114
-2.827068
3.988209
-0.503327
-0.940070
0.725531
-3.680795
-1.800398
1.877337
-6.007421
2.972370
1.663362
1.204932
0.451796
-3.326226
-3.831234
-2.499532
-1.817500
-3.726546
0.243741
-2.375890
0.413338
4.500176
1.193585
-1.810941
-2.251748
1.422235
6.175936
1.938640
5.034645
1.378421
2.763134
-0.074818
4.686430
-0.122531
0.971833
3.234748
-1.361418
7.140067
-4.568799
-2.539222
-1.589851
4.440173
1.160104
5.242944
-1.099516
0.975257
1.597006
-2.395026
-1.629435
3.019562
-3.105957
-3.298710
3.200517
-0.171360
2.524322
-2.566013
-0.003615
-1.223516
-3.075013
5.765869
3.145754
2.823603
0.084334
-0.435563
5.770263
1.807575
-3.948930
-2.784180
-2.232679
0.185547
4.728846
-6.302147
-4.953042
-0.382749
-1.713691
-1.830426
-2.866672
-0.460937
-0.861195
-0.050972
-0.639015
-1.522277
-1.992576
1.539788
-2.202984
1.118853
-0.091218
-0.300997
-0.796391
-0.301655
-0.317559
0.122020
0.424404
0.756087
0.987985
1.574139
0.745710
2.270491
-0.533933
-2.207647
-0.452111
1.499685
1.345754
-4.719218
-2.501068
-0.635974
-1.956898
0.008943
-1.566757
-2.403058
1.552298
1.337478
-0.589994
-0.395184
0.272572
-0.748279
1.569587
0.585720
2.354819
0.719201
-2.149622
-1.381431
2.961903
-2.390591
0.821674
-4.234005
-1.818051
1.755212
0.980819
-3.986102
-0.583794
-0.245355
-2.351833
1.538525
0.325368
2.415289
-3.431701
0.773106
-0.103835
-3.472097
-0.451323
0.413371
-1.599550
0.945477
-0.053884
-2.136504
-4.843556
-0.819477
1.081123
1.750983
3.771668
-4.541579
-0.994718
3.535903
1.405223
-0.235348
2.519250
0.969903
1.934467
0.139732
-3.358764
-2.420348
-3.480087
-0.294746
-3.612891
-2.754083
0.386797
-0.793372
-0.008837
-1.482178
-1.016520
0.088223
1.727382
-0.515441
-1.732021
-2.247929
-3.427309
2.107282
-0.513059
2.327297
0.213827
1.362711
7.862325
-0.574102
1.738904
-3.073426
-5.396326
-3.694563
-3.558445
-2.615394
-2.984982
-3.318552
-0.673238
6.001214
1.312485
0.815325
0.477834
-0.569951
0.322977
-1.338553
-1.512311
0.762318
-0.539731
2.407615
0.083662
-4.944740
-0.636516
1.457712
-2.653078
-1.895228
0.348546
0.471075
-0.750331
1.590028
0.742562
-1.781369
1.486445
0.513783
-0.545594
2.499338
-1.194486
1.259309
-2.987464
1.326034
0.368716
1.607696
-0.381438
-1.288141
0.515253
3.349800
1.347389
-0.082124
1.444000
-1.523458
2.149391
-0.809963
-0.914423
4.247906
-0.309646
-2.461423
-1.614258
2.821345
-0.989625
1.597273
-3.097862
-5.755172
0.034061
-0.152397
-2.507192
-2.169605
0.837966
-1.765586
2.584090
3.749004
-1.978652
1.831172
2.911523
-1.184062
1.871490
-1.328626
0.644359
1.482129
1.551558
1.544563
1.169495
-4.572509
-1.433113
0.387678
-0.105129
-0.037485
3.138473
-1.238587
-1.522057
0.800462
3.020770
-0.033622
0.703352
4.998405
0.396625
-3.031814
-8.254492
0.587816
-4.030439
-3.395052
1.923055
-4.088028
-2.175317
8.259868
2.674293
-0.186288
-3.770604
3.769994
-0.075565
-5.285150
2.437284
0.039934
1.929538
2.879095
3.274144
-0.189940
-0.341275
-3.044682
-0.572086
-2.416672
0.408897
2.090224
5.031491
2.077699
-1.844807
-1.612659
0.112928
2.194001
0.265158
-2.320147
0.948613
0.602877
1.926540
-1.535956
-3.557143
-0.644567
-4.865881
-2.071074
-0.218797
3.017375
1.796347
0.301033
0.844605
-3.442299
0.287751
-2.898903
-1.795194
1.967217
1.089622
1.354257
2.034904
-0.722902
4.799080
-0.218687
-0.156329
0.662696
-1.784376
1.620314
0.621188
-1.524809
-0.051286
1.519561
0.166586
-1.015132
-3.333091
0.071244
-0.477191
0.234202
1.253399
-2.752420
-0.541638
1.616485
3.633867
0.264231
-3.928979
1.671166
1.090299
0.641031
-0.414411
-1.786440
2.514230
1.037585
-1.917061
-0.481727
-4.293069
0.025974
-1.006936
-0.639757
-3.127589
-5.124806
2.152495
0.748047
-2.650727
0.866098
0.478136
1.683337
0.190954
0.758151
1.362473
3.298898
-0.557897
1.548749
-3.413828
-0.113225
-2.519959
-4.903728
-1.656237
-5.622639
0.360784
2.062185
0.556577
-0.393138
-3.335404
3.046806
2.934931
3.237785
3.559028
-1.270220
-7.358109
3.400103
-0.636784
-0.494051
-0.423756
0.228608
-0.723889
-2.420454
-1.806124
0.088841
0.494511
-0.664165
1.923168
1.997886
0.565208
-0.285807
0.765508
1.539700
2.228479
-0.971311
0.235995
0.864280
-3.490173
0.571869
-2.078943
-3.539934
-0.133544
-3.289726
7.224441
-2.441833
4.497347
-0.874548
-5.054502
2.338684
-0.416796
0.729932
2.428933
-1.823313
-1.358728
-3.856671
-4.523961
3.882266
-4.204619
-0.248581
0.373323
-0.761217
0.212074
-3.800108
-0.883151
1.469837
2.071528
-2.146122
-1.035030
1.440670
-2.439403
-0.439600
-1.914544
-1.014413
0.266144
-0.502607
0.111026
0.753688
0.487977
0.000000
0.957967
0.890587
-0.821206
-0.353392
-0.300583
-0.186829
1.353022
0.377886
0.225166
2.955170
1.449116
-1.386140
2.499359
-2.153917
1.732775
-1.429421
2.031393
-1.925711
-2.437672
1.079979
-0.738047
-5.312011
-2.945755
-1.000781
-3.745055
-0.333487
-2.910738
0.056241
3.579617
-1.912768
2.107853
-1.772768
3.647742
-2.209461
-0.028575
-3.909185
-3.057793
1.738013
0.920144
5.123445
-2.859098
-3.433128
-4.864866
1.424018
-0.448971
2.181072
3.886645
-1.774185
0.577027
2.872716
-1.157666
-2.140002
-2.473102
0.184232
0.892183
0.196702
-0.620475
-1.489755
2.796614
-2.391301
-1.676993
-9.195292
-2.920578
-0.954603
-2.465773
-7.671427
-0.940908
1.507987
5.036209
1.426068
-1.989037
0.460489
0.566919
7.364409
1.301850
-0.778641
-4.247418
0.571815
0.957135
-2.940968
2.238487
0.777926
-5.041431
0.873237
0.384942
0.664088
-2.714638
3.827807
-2.638405
1.718110
-0.034418
2.317952
-3.282872
-2.773242
-4.488873
-3.227334
-0.172032
1.706257
-2.115571
-0.261173
2.001672
-0.687234
-1.664725
-1.265771
-0.915184
1.684911
0.663502
0.173500
-1.131400
-2.351943
-3.774396
-4.600558
0.261735
-1.960076
-2.887152
-0.892821
-1.538318
2.825062
-1.066129
1.094892
3.493001
0.628754
2.473329
-0.248153
-0.753574
-0.144234
2.029979
1.606200
-0.868571
-1.291595
2.590861
-0.292916
0.187862
-1.458041
-2.430866
0.244450
-1.162269
-1.295311
1.068891
0.118520
-0.067159
0.206635
-2.726681
0.383858
2.842923
2.605547
-2.045833
-1.197505
1.715031
1.767469
-3.275880
-1.395638
0.125699
1.712119
3.411582
3.683757
-2.545953
-0.574386
-0.784106
2.741020
-0.072739
0.079429
-0.199464
2.037684
-0.906277
-1.886956
0.237527
-2.152918
2.644743
-2.777464
0.796410
-0.176218
-0.413982
-0.645194
-2.672412
-1.560651
-3.932362
-1.333724
0.327327
-1.642606
1.996660
1.705448
4.646224
4.086980
-4.243874
-2.546740
-2.937354
-7.982737
3.783854
-3.080191
-3.092333
-3.534342
1.936067
-1.641808
-1.026772
-2.953132
2.557492
-2.818508
-2.262553
-1.409514
-2.487599
2.713053
0.324317
-6.265861
-3.319751
-2.377879
3.663109
0.472535
0.218723
4.660081
1.188587
1.487979
-0.036439
4.268712
2.134416
2.437996
0.059873
0.199311
-1.087436
-1.852860
-2.631560
-0.312336
-1.474648
-2.248411
-4.938210
-1.278082
-2.392784
-0.983779
-1.903830
1.503965
0.458686
0.530326
-2.210317
-2.108292
-0.770555
1.906742
-2.983460
-0.359659
-3.306039
-0.520369
1.267422
-1.397999
4.319874
1.213863
-1.110868
-1.456652
2.074463
-0.284071
2.141946
