0.506069
-0.216688
0.503440
1.081988
0.734128
-0.431874
1.201816
-3.252607
-1.218394
-0.121578
-2.707942
-1.723520
0.124894
-0.793607
-0.061236
-2.221378
-0.863583
0.634578
-0.814820
2.273654
0.989467
-2.833709
2.242894
1.670699
-0.746229
-1.542786
2.307223
-2.865534
1.193880
-1.589810
-1.776399
-1.324058
1.335149
2.069018
0.828326
0.323890
3.969043
1.812017
-0.627897
1.880369
-1.021883
-4.534921
1.499210
-1.608694
3.844693
-1.067472
5.125293
-2.570500
2.287250
3.925001
-1.437557
-6.307490
-0.883220
1.084074
0.720146
-3.608675
-2.890203
1.412838
-2.032753
0.701942
-3.225815
3.236501
0.295929
-1.460037
-0.101691
4.283958
-1.095660
-0.051300
0.524036
-0.294376
-1.478924
0.855219
4.783485
-1.673394
4.460381
0.197810
-2.162507
-1.711608
0.126219
2.367837
-9.355749
0.193375
0.180090
-2.099620
0.110929
2.077564
-2.763104
1.220977
0.759395
1.289789
0.894031
0.391424
0.496410
4.875854
1.118416
-1.153119
-2.274947
-2.351750
0.216487
-2.337801
0.840810
0.812272
-1.234625
-3.024284
-1.881007
-5.230441
3.678091
0.579355
-1.447629
-3.722511
1.454293
1.389763
3.516629
-8.337762
-1.185334
-2.948812
-1.430403
1.749913
-2.505119
-1.560791
-0.679486
-2.910081
-0.428703
0.052682
1.023682
-1.284167
0.579218
-2.564353
-1.384590
-1.674942
-0.601810
0.118813
-0.378004
2.369595
0.645793
0.095593
0.468380
1.987944
3.369381
-1.143331
0.404803
-0.889620
-2.532084
-3.415282
-0.821342
1.025950
0.547057
-0.043684
-0.044495
-1.027992
-1.045072
1.741054
-1.571366
-1.214129
1.546406
0.657678
-1.513611
0.631011
-2.213483
1.740257
-5.557791
1.702092
-0.646392
-0.474174
3.904601
-3.114239
-1.395971
-5.600147
-0.376008
0.686354
0.806880
-0.546202
-0.827592
-3.831877
-0.750387
-2.379149
-1.900653
-2.061363
-5.488718
-4.879701
0.576102
0.791548
1.848403
-0.793322
-2.216658
0.003686
0.055729
3.144950
5.822045
-2.993088
1.827930
-2.198471
-2.666779
-1.396859
-0.511547
0.415701
-2.492509
-0.179975
-1.287615
-2.939921
-3.256464
-1.438184
0.810024
-5.099099
4.962811
-0.597597
-1.213547
-2.701039
2.703225
-3.013482
-4.784513
1.675150
-0.939979
0.811500
-2.977705
-5.149024
0.639295
-1.799369
3.204709
-0.523653
-1.483544
-2.758601
-2.987763
-2.747175
0.243139
-3.362321
2.350636
0.631751
0.108641
2.648381
-1.797267
1.887067
4.922204
-1.148563
-0.309216
0.101107
1.171376
2.281414
-0.273334
-1.343059
2.638184
3.122579
0.934816
0.108742
2.362373
0.139851
0.092683
0.277127
1.987576
-0.671332
-1.515750
-0.418159
-0.862617
0.400009
0.682281
0.227287
0.294241
3.419654
1.992123
-1.716981
-0.298840
-0.175371
0.971307
0.845944
1.657622
1.347899
1.113231
-1.622322
0.979079
-2.348136
2.433082
3.010825
-0.924551
0.418495
-3.165217
3.965647
1.411495
-1.610639
-2.167238
2.799232
-0.060604
0.553806
0.956402
-8.690658
-5.879705
-3.729202
-0.984202
-1.986586
-3.110156
-1.613528
-6.171102
-0.561781
-2.444422
-0.669229
1.486022
-5.446807
2.424753
3.244162
-2.910031
0.973763
-0.928423
-0.163741
-0.213401
2.147727
-1.577413
-1.412677
4.084662
-0.460165
-0.726485
2.476468
0.770824
-3.881577
-0.937384
3.972171
-3.462568
0.290297
-0.387759
-3.749689
-4.207261
1.498893
-0.634482
-2.169360
-4.016359
-5.728394
-3.953077
-4.293995
2.418057
4.147011
0.571062
1.491271
-3.359806
-3.859899
-2.588760
-4.419981
-2.089059
-0.984402
-1.195161
-3.531282
1.818860
-0.749096
0.478885
0.092863
-1.443689
-2.421536
2.001390
1.712109
3.078131
3.335574
-1.101051
-0.216678
1.445790
-2.835577
-0.605261
-0.798784
2.365599
-3.695886
0.413884
-1.528276
-0.055557
-0.380969
1.705061
4.043325
0.088697
5.347650
2.199584
-1.919289
1.314190
1.545751
-1.582852
-3.294142
-2.462486
-1.103258
2.519764
3.079391
-0.308525
0.152196
-0.805105
1.536192
1.872435
1.063126
-1.987643
-0.075694
1.203142
-1.594218
-1.493440
-2.685723
0.351327
-2.677503
-0.636420
-2.609794
-2.028746
0.369651
-0.852937
0.773427
-3.521345
0.133134
0.807702
-1.185165
1.056824
0.394420
-1.662374
1.073534
-3.260988
1.349182
-2.155023
2.186147
1.980930
2.136586
3.026399
-2.270083
1.207976
3.276420
-4.591187
-6.019905
2.541728
-0.596613
-3.935092
-0.929862
-4.328837
-4.167549
1.707679
3.323902
-5.700582
-1.616497
1.674345
-1.143628
-0.681627
-0.777332
0.676757
-2.450482
-2.166210
-2.131032
-2.898960
4.164643
-2.234670
0.509473
-0.915445
-0.044590
2.687098
-1.362179
-2.015163
-4.148980
1.372002
0.849902
-3.656469
0.886567
2.028882
-3.051884
1.126568
-0.710986
-2.765234
0.735080
4.967478
-0.911520
-0.186474
-2.893922
2.678792
2.803219
-2.092970
0.125411
-2.392731
1.539444
-1.669797
-0.577374
-0.354534
5.507391
-1.123295
-7.814890
2.153599
0.913899
3.221061
0.430357
-0.318464
-1.347247
-0.686544
-4.132945
-4.098742
-2.547328
-4.527356
-0.605554
1.254181
-7.218076
0.560179
-0.230535
7.736644
5.293484
2.901812
-2.922416
1.246609
-1.419725
0.877770
0.372793
-0.869801
2.131456
2.536481
-0.792834
0.389560
2.498598
-0.493779
-1.286849
-0.012124
0.882039
1.108990
-1.069669
1.670637
0.384398
-1.797620
1.218287
-1.825018
1.653060
0.342761
0.509395
0.620499
-1.657181
0.855551
0.310063
0.541333
3.368006
2.310449
-4.571664
-2.460643
-3.004233
-0.958791
1.078025
0.450085
0.223522
-4.716563
-0.085111
0.432823
1.297613
4.060078
-1.173537
-2.062822
-2.152561
-0.729123
0.608494
0.276695
-1.094104
-0.497636
1.558762
3.496396
1.473970
-4.618865
-0.381404
-1.448576
-2.082178
-3.666498
1.665595
-1.052276
-0.909623
2.865776
-2.706756
-2.333625
-3.175451
0.215587
2.328356
-5.385464
0.904604
-2.939147
2.311399
1.803112
-2.516448
0.499125
-3.365592
1.641917
-2.217384
4.905327
3.243107
-3.844222
-2.913016
0.887302
2.548707
-1.395012
3.747830
0.286330
2.141200
-0.971971
-3.762142
-3.120840
-2.408849
0.041677
-4.407077
-0.599782
1.144111
0.434045
-0.986557
0.657738
-5.880292
0.026132
-0.210643
-3.624457
-0.526036
2.078151
-0.556882
-1.233981
-3.192147
-1.731719
-5.015779
-2.379868
-1.125919
0.366301
-0.730335
-0.155153
-2.428299
-0.487920
-0.340554
-4.772534
1.468524
-2.924632
-4.021722
-4.546455
-3.942890
-1.186042
-1.284683
-1.791211
2.884810
-5.510402
2.425117
-1.593864
-9.476091
-0.322618
1.839918
-1.985702
0.721084
0.691813
-0.799867
-1.302728
1.592167
-1.688512
1.009274
-1.152899
-0.425135
-3.015851
0.901946
-0.121472
-1.930037
1.402106
1.863562
1.384372
2.332444
-2.624604
-1.387411
-3.951397
3.727520
0.920766
-4.418726
0.626306
-2.830364
5.751539
0.332181
0.007079
2.436312
1.677621
-3.763176
-0.002795
-1.159946
-2.908289
-2.065185
-0.819606
-2.260505
-3.469680
1.240462
-0.707831
2.980230
-2.383836
0.476028
2.269813
-2.212699
-1.053195
-2.421551
-1.371264
0.917563
-1.538422
1.957804
4.695979
1.966141
4.248007
4.204465
6.060756
7.277136
3.306168
-0.832837
0.071707
-1.639012
0.943408
-1.931469
4.513858
5.179741
-7.878242
0.679165
5.805280
-4.189792
0.086805
-1.655470
-1.287435
0.591013
0.036841
-3.050400
-2.539822
-1.628268
-5.945186
-1.570808
-2.254888
-0.327568
-1.228717
-1.436949
-0.062422
-0.696253
-3.523698
0.584880
0.711975
1.994862
-1.780766
-2.773213
-2.371212
1.029026
-1.519534
0.510513
-1.132812
-1.351445
1.308647
3.222673
-2.950991
-0.999278
-2.979703
-1.069761
-1.466803
4.145045
4.626310
-2.655637
-1.515502
2.781749
-2.352985
1.434177
-0.944157
-4.058136
1.972366
-2.489434
-0.787409
1.101737
-0.574081
0.097378
5.168923
-0.800177
-4.371973
-5.814461
-1.077151
-3.258525
-1.982610
2.642457
0.000000
-2.749431
-0.078023
-0.932037
0.912840
0.050834
-0.331711
0.118866
-1.630214
1.997140
-0.132293
-1.467701
-1.038115
2.119343
0.256190
-1.804512
-0.936863
2.626082
-2.888288
1.133001
2.147486
0.921311
-2.481029
0.689429
-1.908109
1.856005
-4.744840
0.942692
-1.294267
-0.270363
2.077588
0.102075
-1.454026
0.675326
-1.601765
-3.184565
1.740913
-1.793117
1.923753
-2.030631
0.120626
0.717727
-3.534653
-2.525582
-2.654909
2.627995
2.485992
0.464832
0.337064
1.302950
0.492256
4.411964
0.615070
-0.684964
-1.757964
-0.183081
1.075946
1.019653
-1.257824
3.992958
-2.423470
-0.772904
2.820144
-4.233337
0.521494
-0.820135
0.793517
0.602534
0.803537
-0.790000
3.465066
2.038108
-1.631502
-1.589045
-0.674397
-2.186965
0.000251
-3.902388
-2.355583
2.016443
-1.499229
-6.297560
2.075101
-4.960686
1.052876
-2.729107
0.818606
-8.432990
-3.697386
2.860275
-1.028881
2.039150
-2.240342
-1.801285
-3.276516
2.737253
0.595982
-5.063882
-3.356185
1.452465
0.554071
2.579179
-1.353913
0.326464
-2.549140
-3.949955
-1.242748
3.609801
-3.896162
2.744806
-0.540209
-1.392907
4.766988
-3.085602
1.630530
3.539982
-1.368748
1.009422
-1.452060
-1.426474
0.890378
1.951249
-6.462606
-0.644986
-0.783428
-0.069213
0.835591
-1.273101
0.690908
2.628664
1.168142
0.280649
-1.068419
-1.229462
-0.788668
1.192323
0.766896
1.474362
-4.585942
-1.809093
2.091657
0.386274
-3.971902
0.647640
2.118585
0.846836
-1.399825
2.394677
-2.789915
4.164970
2.758986
1.322400
-2.900584
-0.651801
0.531016
0.934279
0.309225
0.379436
-0.875405
-0.471017
-1.858962
-2.370453
2.083505
-3.767190
-4.459788
-6.343372
-4.916536
-2.938790
-2.011093
1.241723
2.349073
1.659129
-0.126598
-2.948799
2.034074
-0.376878
-5.604811
-3.108288
2.131922
-0.921957
-3.249645
0.563052
0.305281
-0.648265
-1.081107
0.745606
0.292070
3.747355
-2.174284
-0.422066
-2.594380
-2.630138
0.281560
3.119698
1.300176
0.235062
0.510385
5.478638
0.161051
1.073977
0.103144
-1.318130
3.860070
-0.356857
2.255850
-1.041756
-0.046412
1.339113
2.654354
1.034610
-2.424563
1.204807
-1.891632
0.506274
-1.146453
0.771963
-10.064878
2.264013
-0.565577
-10.779547
1.220447
-0.542440
-0.119142
1.130588
0.001747
-1.354747
0.300684
2.202211
-0.716675
0.016292
1.795808
-0.043676
-1.343052
-0.171696
2.939792
1.367683
2.199745
0.697488
-0.004919
2.086435
0.063042
5.452054
2.830567
-4.664499
-4.717664
-1.369857
-1.897745
-1.622113
1.902238
-1.513874
