0.389730
0.871950
0.752622
-0.235978
0.686902
0.128388
1.597508
-0.057965
-1.178832
-0.782255
-1.679070
-0.555335
-1.519749
-0.044388
3.077519
-0.945088
0.186315
3.746056
-0.335693
0.830930
0.198117
-0.642488
1.862362
1.418419
-3.237752
0.142386
1.800022
3.729858
-0.326422
-0.775458
2.591819
0.102563
-1.498289
-1.266065
2.454739
0.455032
3.570461
-2.796481
1.872403
-1.187103
-1.030361
1.444064
-1.711081
5.137514
-0.255420
-1.290128
-1.973598
-1.739309
6.106331
-4.291395
-4.426233
-2.934510
-1.713964
-2.025900
4.760319
1.557045
-2.643487
1.528807
-2.832044
3.196330
-1.702846
-1.938438
-0.124062
1.308079
-1.047036
-4.222132
0.889938
5.359205
1.781348
1.352916
-2.397405
-0.563278
-0.215876
1.910778
1.589524
0.602359
0.655204
-1.195079
-0.512691
-1.155858
3.908608
0.709751
-1.060735
-3.232333
1.123841
3.131329
3.407597
6.715800
-2.616916
-2.418275
2.759148
1.073929
-2.003844
-0.250088
-2.636673
-0.526245
-1.901126
2.161272
1.617306
-7.315032
-2.555294
-0.121131
-1.159285
-1.603242
1.587594
1.971597
8.359766
-0.218621
-0.131551
-2.396895
0.726821
0.901596
1.924422
0.804936
3.257052
-4.290773
1.085186
-3.471225
-0.924689
-2.846628
-2.339573
3.346009
1.858903
-2.457020
0.558221
-0.802520
0.136935
1.791724
1.433380
-0.584436
-0.614209
1.946638
-2.602945
0.685128
-1.004614
0.776429
0.003471
-0.222119
0.834370
1.579332
-0.391519
0.238358
-2.216166
1.496541
-1.565794
-2.749571
-2.372916
-0.423392
1.782632
-3.166759
-2.900051
-1.086912
-2.967853
0.861891
-2.916245
-0.384846
-1.025652
-1.138297
1.980685
1.574198
-5.463313
1.495300
-0.846372
-3.135412
-4.420403
0.285730
-2.582006
-0.930916
2.239271
0.603372
-1.394713
-0.450628
-0.952373
-2.750303
-2.190606
1.444087
1.044263
-0.770113
0.663429
1.386923
-3.892886
-5.925405
0.128963
-3.208956
-5.227440
1.490619
0.373427
2.136422
1.512010
-4.313865
-1.107202
-3.569997
-3.370177
-1.103380
-0.919844
-2.418796
-0.925490
1.367431
-3.297146
2.509473
1.473539
-2.273382
-5.331186
2.477688
-1.768737
-2.393914
-4.097898
1.249102
-4.690523
-4.386929
-1.653018
0.781281
2.965150
-3.124831
1.032811
2.970894
-3.899174
-5.778359
-3.699853
-5.711726
2.688421
-0.667949
-1.255752
0.970623
1.088673
-4.095725
1.430796
0.266620
-3.148334
-2.061645
-4.320537
2.498185
-3.614624
-1.709428
-5.046247
1.749270
0.772120
0.451363
4.035070
0.315749
-5.200818
2.185133
2.914176
-0.577735
-1.157581
0.496583
-1.289734
-2.420396
1.237195
-0.425285
1.340990
-0.981846
-0.762839
-0.609544
1.185923
1.853097
2.024584
-1.539494
-0.724951
-1.284547
0.530296
1.474010
3.380648
-0.621713
-0.715566
1.798681
0.111856
3.274271
0.548539
3.010231
0.048631
-3.475625
-2.045437
2.232163
1.177947
-4.789073
-2.762230
-0.123677
2.475040
-2.355829
2.056700
-4.462256
5.155184
2.717433
0.353829
0.296981
-1.987173
-0.059332
1.753832
2.784458
-2.108557
-2.068199
0.717141
4.922568
-0.432744
-1.787025
-0.723809
-0.630498
-1.920228
0.425601
1.389948
-2.725053
-1.816448
1.143088
1.172333
5.604306
-0.024457
-1.020319
-1.278094
-6.020937
1.286105
-6.475128
1.935177
-4.083955
-3.661211
2.021044
-3.177713
1.039385
-1.841996
1.171354
1.299882
4.420157
1.174289
2.797867
2.063441
-3.936271
-2.086169
1.365655
0.314915
1.978239
1.538776
2.563511
-3.421782
-1.314796
-5.549442
-1.720109
-3.900548
3.656585
-4.231626
0.595149
1.717019
-4.632406
-0.174491
0.182607
0.454132
1.830858
2.358767
-0.514031
-1.919364
-0.726561
1.092267
-2.345757
-4.195848
0.448524
-2.609252
0.065817
0.547382
0.485459
-3.799807
-2.198297
0.373505
2.490855
-1.094863
-8.076359
-0.160767
-0.538758
-2.637157
-2.906663
0.449494
-1.848381
1.636340
-1.032871
1.759474
1.992370
0.980044
1.058238
1.766573
2.790745
1.684255
-1.173680
4.198894
0.050517
-2.377090
-1.274791
2.070592
-2.444097
0.797590
1.258498
0.051180
4.348252
-2.823437
1.505294
1.527190
-0.733687
-1.077376
-1.980336
-0.589120
-2.690389
-0.986221
-0.003001
-1.385052
0.065814
0.726043
2.080595
-0.460740
-1.649255
-0.598564
-0.817972
0.070186
-0.831657
-2.751223
-2.196942
0.255618
0.905321
-1.840337
-5.697663
-3.317373
-1.695337
3.010409
2.618693
-2.238664
-1.462675
4.838033
0.220526
3.641588
-0.682550
-3.084435
-2.877030
-1.785522
-2.554012
-0.546333
-2.420250
0.283503
-2.041451
-0.591262
1.128212
0.950528
-2.225546
0.144437
-1.299216
1.657378
-0.509117
-7.293360
-1.800500
1.354197
4.786170
-0.340158
2.606883
-0.759241
0.474641
5.083303
0.786872
-4.358519
1.298398
-0.851263
-2.037257
-4.727876
-2.948561
-4.573150
1.791358
-2.364131
5.277120
-0.611810
-1.293310
-3.430061
2.605567
-1.309361
-5.530104
6.109316
0.240673
3.636956
-1.040613
0.276322
-3.650522
0.877051
-2.252223
-0.966206
-2.713700
2.896967
-2.043844
2.576646
0.858182
-0.374255
3.191632
-0.238874
-1.000601
-1.371589
0.484409
-1.000906
1.524049
-3.557418
1.355031
3.044467
0.809315
-3.949335
2.066370
-0.806178
-2.422668
6.227634
-1.653401
0.634264
1.388886
-1.191754
1.220035
0.518764
1.226856
1.257743
-1.996809
-0.955307
-1.682257
0.333787
2.387853
0.488923
-0.640645
-1.698704
0.518980
0.925072
-3.059905
-0.224616
-2.845920
-2.761463
-1.732024
-2.257629
-0.529771
-1.014163
1.343105
1.127282
-0.058070
-0.561554
-1.314079
0.271324
1.870941
-0.036881
-3.206344
-3.927603
-2.767367
-3.499007
-0.426641
0.363255
-1.390377
0.719390
-1.450150
1.887136
-2.188622
5.718013
-0.983461
-3.868416
2.627192
1.807499
1.542579
-6.171576
2.727705
2.605497
-1.623609
0.770611
-5.686068
2.742097
-1.507342
6.129981
2.957567
-1.229316
7.745525
1.552097
2.619274
4.798791
0.272184
-0.904309
1.987760
-0.036446
4.120408
-5.691169
2.071717
-1.579900
-0.938969
1.958407
-0.656472
-1.608177
-3.785422
5.900052
-3.099977
-0.047583
2.049538
-4.152079
-0.936232
1.386241
1.094761
4.675078
-3.305561
0.728826
0.771209
-3.422491
0.728107
3.158088
-1.043152
-2.926765
-4.565512
1.038248
1.217968
0.596981
-1.121622
-2.660907
-0.817695
-4.082943
-3.859151
1.020947
0.868331
0.322021
0.348029
0.047279
0.084969
-1.318038
-0.618531
1.031073
-2.212376
-0.803774
-4.227329
-1.630594
4.530403
-0.615757
2.271289
-1.166380
-0.369784
-0.198917
1.875089
-0.003123
-0.140765
1.296796
-0.812041
-0.377988
-0.159090
0.560604
-1.788495
0.974149
-0.671419
-1.101467
-0.770969
-0.944503
-4.755047
-4.602237
1.054347
-2.467348
2.243703
-0.410586
-2.565589
-2.044824
1.015400
1.754655
-3.242295
1.768954
0.441323
0.204880
1.109150
-1.212207
-1.802946
1.025369
-3.211651
2.951145
-0.809994
-0.182796
-0.245587
0.561414
1.837628
-2.427090
-1.057565
0.646171
-7.336719
2.224639
-3.411626
-2.466416
-3.864693
-2.702330
-2.011731
1.655387
-3.918200
-0.571758
2.387100
-0.922855
-1.137689
-2.602080
3.446590
-1.856610
1.082948
-4.885644
-2.560316
-0.778012
2.167340
2.217470
0.027596
-1.545452
1.244689
-0.558277
-2.210845
4.683282
1.121644
0.717249
3.260334
2.060168
2.398500
-4.646878
0.862984
-0.101949
1.897593
3.709929
5.691442
0.136980
-2.750278
0.892276
3.603474
-0.061950
2.646957
-2.313652
-0.773174
-1.742221
-1.230918
-0.742521
-4.844050
4.000651
1.290891
4.183136
1.415069
-1.082560
-5.553895
-4.436819
2.481316
-2.813656
-0.557347
0.124041
2.376780
-0.434264
0.826597
-1.109635
0.547685
2.585851
0.274029
-0.960194
6.324193
1.533559
-3.631363
1.932422
-2.682233
-2.430472
-2.216547
1.057915
-2.759243
-0.604333
3.743226
0.792708
-0.250871
0.765845
0.607813
0.208932
-0.926001
-0.438880
2.069379
-0.909587
1.048557
0.152162
-0.652616
-1.015299
-0.098419
0.222611
0.638379
0.383385
-1.883425
1.292131
2.909681
-0.777397
-0.767020
1.671580
-1.482531
-0.063499
1.151898
-4.819231
0.705779
0.000436
-1.318407
-0.863563
-0.394048
-1.229809
0.567588
2.754714
-0.190868
3.135104
1.260939
0.340433
-0.659091
0.737335
-4.644862
-1.854923
-1.446831
-1.151133
2.610271
1.875447
3.769078
-1.029327
0.634036
1.701198
-2.186872
-2.632264
-1.945206
1.861410
0.399511
3.105917
0.832456
-5.905799
-1.636739
3.839096
-1.756736
2.614407
2.078488
-1.745025
6.399700
2.016825
1.895894
-4.888789
-5.730242
-2.051196
1.304877
-2.584841
-0.834359
1.698899
-5.477342
4.119002
2.348881
2.419130
-0.077025
0.529906
1.615877
-6.740254
1.201051
1.701168
-1.412748
-3.623708
0.786117
-1.103167
-1.426700
-5.417173
-5.169988
-0.754450
1.053228
-1.285104
-3.461716
-1.864710
0.404971
-5.710889
0.842564
2.008860
2.532933
0.617107
0.315196
-7.539708
1.751285
1.518179
2.107708
0.867569
0.576811
1.301316
-2.706483
-1.958032
-1.010803
-0.579064
-5.096751
-1.119829
-3.289433
2.113410
1.515074
-4.880254
1.089870
1.853368
0.439056
-0.617486
-3.483596
-3.081979
0.728021
-4.245056
0.758086
-0.429899
-0.200979
1.027184
-0.043650
-1.655048
1.608836
-1.367949
-0.106350
1.603807
0.212931
-2.405435
-1.810159
-0.693641
-2.062931
-0.946396
-2.464674
2.744143
1.917662
-2.130576
-3.072474
-2.321743
2.553935
-1.299422
0.594579
-0.572654
-2.121218
-2.605169
-0.094483
0.857365
-2.763350
-2.369350
1.874887
2.294145
-1.497856
-1.805721
2.293633
-5.754288
1.727506
-3.663570
-1.347162
0.383299
-1.327157
5.162196
-0.773419
-2.270415
-2.840786
1.331035
-1.425951
1.958802
-6.430300
3.977062
0.126235
-2.803852
-0.078362
-1.629311
1.755329
-5.022781
-4.348013
1.800412
-1.305398
-3.192099
-2.921605
2.398779
-6.548786
-2.279630
0.510214
0.902905
-1.305116
-2.380063
-4.546563
3.668039
0.500277
0.057159
1.904814
0.673779
4.530447
-2.162601
-1.681167
-2.350035
-0.766149
-5.767663
-1.820693
0.456449
3.926247
-1.768836
-4.078281
-1.341725
-2.616308
-2.407505
-2.769355
-1.103499
2.028735
4.518133
-1.235831
3.104472
-2.772734
-2.037619
-2.467556
-0.830203
-0.638847
-4.423573
3.295821
0.933775
-1.996841
0.171685
0.377036
-0.700427
1.506375
3.064951
2.998965
-4.321067
-0.609343
1.490494
-2.764911
2.857867
-3.432425
-2.387059
-1.751342
-0.216514
2.876381
2.507946
0.206994
2.788302
-0.503439
