0.859878
-0.052094
0.754352
-0.058059
0.916934
-0.878176
-0.650775
0.438158
2.358676
-0.423082
-0.005040
0.876611
4.320782
1.630080
1.301387
-0.345482
1.879096
0.306998
-2.971331
0.559158
-3.051835
-0.259757
1.226893
1.449409
-1.613497
3.131721
-1.101339
4.960303
-1.051091
0.247948
0.281299
-2.520952
0.904158
-1.897380
0.117227
-3.105881
0.758931
1.673965
1.485284
2.904951
-1.346750
-2.459521
-0.209246
-1.785909
3.656368
-0.632104
0.177874
-0.333486
1.286688
1.184050
3.148905
-0.040504
-4.786054
2.255790
-2.323050
2.443349
-0.257896
2.506249
0.810475
-0.183064
3.800617
1.664612
1.289775
-0.503985
-0.521600
-0.707640
4.287505
-0.727706
0.359373
0.622258
3.840063
0.238756
1.656623
-4.426203
1.329036
-1.048356
-1.443070
-1.528153
-3.720053
1.887216
2.738859
-3.724075
-5.693868
-0.928999
1.766498
-2.028116
-2.181628
0.419322
-2.439191
-2.040849
0.591030
0.685390
2.001772
2.849457
-1.966757
1.252430
2.102542
-2.926571
-0.795723
0.938340
0.601019
1.612144
3.909424
-4.076853
-3.048320
2.253408
-2.815948
-0.254028
-9.034495
-1.045378
4.951715
-1.333996
3.664064
1.956467
-1.718218
-0.012656
-1.277706
-6.862036
2.359898
6.238158
-2.332659
-0.190892
-0.527683
1.838726
-6.103281
1.915646
2.807802
-3.099640
0.972359
0.233215
0.903278
-0.498413
1.324331
0.062906
0.821608
1.794291
2.331219
-2.502654
-1.003080
-0.134856
1.419816
0.686640
-3.325915
-1.441115
-3.345011
2.368701
-1.171107
-3.026348
2.502198
2.781627
-3.782785
1.232688
-1.338470
-0.223066
0.358908
4.474514
4.042741
-5.306506
-4.251462
-2.178246
4.454590
-1.077327
1.428407
-0.849786
-1.930063
0.265859
2.321437
-3.910863
0.426553
2.991829
0.184879
-1.137529
-2.725313
3.233614
2.320889
0.216946
1.546434
-1.138921
1.464983
-2.318825
-3.316748
-1.636636
2.284921
-1.181373
2.200424
3.564037
0.994989
-0.314134
-1.074879
-4.850323
0.473841
-8.399662
-2.896604
-2.227260
3.410051
0.143417
-2.801322
0.677505
-2.387179
4.224162
-1.452009
3.890785
-3.014619
5.050120
1.086793
0.765916
-11.254162
1.794856
-2.688205
-1.253897
1.612646
2.362555
1.203113
-2.536546
0.768387
-0.140598
-5.254283
-2.280435
-2.835480
-6.770654
-5.737042
-1.738590
-3.067030
0.074755
-0.666728
3.433929
5.390101
1.443852
-2.502851
-2.430679
-2.182579
-4.285903
-0.352557
0.879615
-0.043828
2.640457
-4.086043
-1.757557
-1.981368
-3.791465
-5.755388
-3.614477
2.259368
-3.430681
1.962262
-0.381900
-0.741141
-1.537637
-1.319768
5.861898
-0.491321
0.028175
0.561532
-0.424354
-0.483352
-0.755415
0.317653
-0.672964
0.457955
-2.218680
0.201599
-1.493918
0.901825
-0.752067
-0.330622
-2.662347
2.026140
-0.666724
-2.096743
2.146028
-2.832865
0.367992
-0.132341
5.727645
1.745586
1.277128
-1.062436
-4.875720
-0.929466
1.596200
2.530693
2.898411
-1.682122
-2.293407
5.223085
-0.513002
-0.435095
-3.361775
-1.599815
0.264755
2.015483
-3.781182
-0.747733
0.637355
-0.436656
2.135580
0.984655
-2.946413
-2.634993
-0.920280
1.911748
-1.844728
3.276014
-2.008629
-4.922311
-6.638826
-2.011089
-7.433893
-1.547907
0.408391
3.297961
-2.794230
-1.348463
-0.807123
1.838326
-1.111013
-5.058147
3.053782
-0.885471
-0.481003
-3.068580
-3.811116
0.244765
-2.136866
-1.499395
-2.392716
-1.633579
4.124326
-2.804623
-6.232878
2.325675
4.253485
1.788754
1.260805
6.821195
-0.531809
-0.087854
-3.381917
-1.863198
1.075264
-0.860963
-3.083884
-1.097669
-1.523873
-1.764107
-3.554832
-2.034686
-2.827002
-0.596668
1.026145
1.766174
-1.062433
-0.316786
-3.955489
1.971556
1.555741
-0.276258
-0.950467
0.349384
1.708890
-1.138262
4.124363
6.241032
1.029492
-2.634816
-0.430204
0.474864
-3.470873
-4.578438
-0.249312
2.294922
-1.437816
5.805182
-3.525834
-1.417630
1.439858
0.115247
-0.203223
0.305157
-0.537872
0.639359
-1.231048
-1.334137
1.624512
-0.201449
1.657071
-3.950037
5.600837
0.991053
3.940537
-0.007518
3.115020
0.604028
-2.464939
-3.459406
-3.660817
-0.882469
-0.438405
-2.077727
-1.962051
-0.871751
0.065499
0.886994
-2.100309
-2.954673
1.577584
-0.200679
0.203141
-0.722389
3.717005
5.068238
6.737116
-2.603331
-4.088662
-2.145185
1.381829
3.269284
-1.219142
-1.080048
0.556786
-5.016869
2.498181
-1.867615
2.168197
0.679131
0.242822
-1.899719
0.826733
0.579681
4.190443
2.507126
-3.691839
1.870898
0.173839
-0.904280
-2.356087
1.037688
-1.428641
2.853772
3.176028
-2.418681
-0.896151
-0.039210
2.006264
-0.559978
1.969499
-2.313086
1.473614
-1.860701
1.562793
-0.605840
2.450845
-2.134105
0.552394
-2.174799
-2.888870
-1.242743
-0.221557
2.012384
0.373715
2.916745
-1.586599
-1.344501
-0.836446
0.734438
-1.332691
3.164450
0.059437
3.791684
-1.123450
0.583937
0.685140
0.489127
-1.089965
1.624637
1.728164
-3.418528
2.693968
-1.375640
2.365340
0.209755
3.354342
-0.746024
0.900879
0.959137
1.801817
-1.246656
-1.721672
0.065152
-1.369177
-0.794309
-2.830354
-0.132980
-2.719854
-3.479792
-0.847071
2.151149
1.462367
-4.323413
-3.402957
0.015021
0.489040
-0.378844
2.508394
1.414542
-0.829387
-2.293813
0.295412
-0.563826
-2.519813
-0.404983
-4.081904
-0.309743
0.983623
-0.810332
-0.014455
2.036895
1.310029
-1.532667
-2.448360
-0.914047
-3.489243
-0.585907
1.568401
0.412603
-0.992566
0.540301
1.462500
0.526824
-0.848078
0.281227
1.312928
-3.175255
1.638842
4.361662
3.531256
0.171916
-0.884461
1.887318
1.967146
-0.605134
-2.496233
-1.098790
-2.791563
-5.020481
1.119686
-0.196683
-1.059579
1.134508
0.845382
2.548605
-4.830738
-0.697006
2.516269
-3.766966
-4.129436
-0.692436
-2.059557
1.359819
-1.813026
-0.587685
-5.717066
-1.846135
0.002106
0.302619
-2.409326
-0.408281
-0.435394
7.851698
-3.341372
0.874513
-3.286752
-2.824601
0.120430
-0.796083
1.671728
-0.470205
-5.110277
-2.003844
3.703948
-1.811508
-1.173277
-0.866042
-4.745071
-0.590691
3.126935
1.993848
-0.742187
2.572870
2.463060
0.230053
1.153709
-1.959371
3.618813
-0.404420
-3.386282
6.887361
-2.381414
-6.672920
-0.241884
2.330616
0.531273
3.842091
0.430716
-0.944635
1.029805
-1.250124
1.665961
1.244048
0.489172
-6.030803
-5.446840
-2.369091
0.237248
2.970306
0.496411
1.507599
-2.472112
-3.135339
0.893667
5.278039
1.355922
1.080474
1.729507
1.724799
-0.841779
1.301598
1.400328
-2.278762
-2.680271
-1.889442
-0.455761
2.597124
-1.348784
3.916591
-0.996533
-1.322685
-0.782092
1.046042
-2.073388
-0.021278
4.700020
0.503909
1.316718
-1.315057
0.479258
-0.811814
-2.548009
-1.717557
-1.330673
-0.904481
1.269019
-0.924587
3.088958
-2.188228
-2.187099
1.137931
3.460445
-2.906686
2.270542
-1.556766
1.376113
2.406675
1.395676
-2.485075
-1.130135
-0.472699
1.832403
-2.620346
0.601767
2.458324
0.893903
-0.192306
2.942023
0.239972
2.365051
3.163896
0.443015
2.148684
-1.410650
1.719677
-1.391239
1.941163
-5.369501
1.131369
1.193299
-3.137965
-4.953288
3.480160
1.645211
2.423167
0.393851
0.039154
-0.216702
-2.137585
0.911852
-2.235200
4.758297
-4.619640
1.519812
3.935252
4.995762
4.934183
-3.657712
-3.548811
0.918087
-1.856632
-2.859939
-0.298090
-1.223236
0.551347
-3.012532
-2.122229
-3.892585
0.521067
-2.292563
-0.805156
-0.226578
0.961287
1.631480
1.298164
2.971964
8.290453
-0.121001
0.409391
0.955099
0.916833
2.944822
0.803802
-1.441536
2.596811
-2.376352
-4.964517
-2.098501
-1.442483
2.100192
5.075870
-3.464052
2.162249
-0.116561
1.918958
2.365191
-0.251811
1.083878
-4.897206
1.753981
-1.972353
-1.308534
-2.195677
-2.812848
0.017579
-0.069940
0.308757
-0.856798
0.156105
-1.867946
1.842487
-0.199540
-0.174596
1.850930
0.567564
1.384280
1.829778
-2.849366
-1.739821
-5.518079
2.301073
-1.381591
0.145916
-6.146041
-2.853642
-0.156135
-2.090794
-1.082438
-0.085108
-0.549581
2.047218
-0.429169
0.346788
2.646282
-0.715365
2.748003
2.960947
-4.269292
-0.839640
-0.086628
-2.744378
1.323573
-4.362149
-0.496524
1.091538
1.311399
0.420501
-1.550558
1.897906
-2.707456
-0.872811
3.109068
-1.060317
-1.768311
4.582782
2.585484
-0.019150
0.109914
0.416008
2.737772
-1.632660
0.534498
-4.204839
-1.930362
0.885770
-1.824284
-2.902784
-1.503606
0.169275
-4.846609
-0.725151
2.873421
-2.851643
0.296113
-0.808138
-5.442088
0.354350
-0.902137
-2.289345
3.061113
0.348483
0.841361
1.657145
-1.094737
-5.697773
-0.018590
1.499748
-1.261655
0.799859
1.787172
3.795671
-0.632667
2.766905
-1.449910
-4.768492
-3.343791
5.291805
-0.897840
-0.006929
-1.740981
6.818411
-6.097921
3.067055
0.946608
0.822763
-2.387928
1.343328
2.220944
0.216959
-2.212025
3.644292
-0.216440
4.593269
2.817555
0.592901
-0.898814
-1.155132
-1.411005
-3.559376
-0.215093
-1.753980
-2.312946
-5.127254
3.743440
-3.569314
-0.876874
-4.699902
5.098473
1.050396
-0.197284
0.000000
1.137199
-0.905222
0.952610
2.133273
-0.001319
2.660297
1.154999
-0.111576
0.384231
-1.357588
-0.583994
-1.205982
-2.730078
0.901133
-1.808252
-3.044173
0.509496
-1.159795
-2.422601
-6.139146
-0.856125
-1.165043
-1.723098
3.451416
1.214163
-5.358663
-0.431598
-1.755000
1.495251
1.338651
4.993356
0.137382
-2.866745
-1.909979
0.596657
0.523372
-1.484453
-4.724062
-2.601112
-3.096556
1.543280
2.021525
5.059326
0.530325
-0.586884
1.749796
1.683271
1.558405
1.717403
-1.574827
-1.600754
0.603980
0.048793
2.044578
0.259887
0.721914
3.273961
1.157384
3.606629
1.149782
-0.662890
-6.149350
4.725146
-0.392642
-2.804170
-1.864404
3.170157
0.659592
-2.207663
-3.214104
-2.171258
4.276174
2.568605
-0.285271
2.870769
-1.894742
3.992935
-4.917112
-2.330440
-3.066687
-0.892427
0.290152
1.219869
-2.819698
-1.979453
-2.546011
-0.284395
-1.779532
-8.362227
2.786132
2.221214
-2.104016
-1.910356
-2.464978
-0.543657
-0.468829
0.744066
-3.633145
-4.139821
-3.446253
-1.005500
-2.476681
0.752899
-2.096325
-0.545727
-1.383394
0.301501
-1.438907
2.503365
-2.076016
0.697461
0.800423
-1.575887
-1.659370
3.836849
-7.035872
-1.772801
-0.714013
0.762417
-1.216248
-0.473119
-2.708102
1.628881
